code.string(),date.date(2006-01-02),open.double(),high.double(),low.double(),close.double(),change.double(),volume.double(),money.double(),traded_market_value.double(),market_value.double(),turnover.double(),adjust_price.double(),report_type.string(),report_date.date(2006-01-02),PE_TTM.double(),PS_TTM.double(),PC_TTM.double(),PB.double(),adjust_price_f.double()
sz002470,2019-06-10,3.800000,3.880000,3.800000,3.820000,0.000000,16811636.000000,64510755.000000,10410094086.400000,12570178824.780001,0.006169,16.307917,2018-09-30,2018-10-30,15.746084,0.427763,28.212703,1.210431,3.820000
sz002470,2019-06-06,3.920000,3.950000,3.810000,3.820000,-0.032911,21517613.000000,83048222.190000,10410094086.400000,12570178824.780001,0.007896,16.307917,2018-09-30,2018-10-30,15.746084,0.427763,28.212703,1.210431,3.820000
sz002470,2019-06-05,4.080000,4.090000,3.910000,3.950000,-0.017413,24363800.000000,96926885.020000,10764364304.000000,12997959779.549999,0.008940,16.862898,2018-09-30,2018-10-30,16.281946,0.442321,29.172821,1.251624,3.950000
sz002470,2019-06-04,3.890000,4.100000,3.860000,4.020000,0.012594,35055108.000000,139858792.320000,10955125190.400000,13228303370.580000,0.012864,17.161735,2018-09-30,2018-10-30,16.570486,0.450159,29.689808,1.273805,4.020000
sz002470,2019-06-03,4.080000,4.100000,3.940000,3.970000,-0.034063,31941598.000000,127727751.050000,10818867414.400000,13063772234.129999,0.011721,16.948280,2018-09-30,2018-10-30,16.364386,0.444560,29.320532,1.257961,3.970000
sz002470,2019-05-31,4.140000,4.170000,4.070000,4.110000,-0.007246,24812680.000000,102197022.140000,11200389187.200001,13524459416.190001,0.009105,17.545953,2018-09-30,2018-10-30,16.941467,0.460237,30.354505,1.302323,4.110000
sz002470,2019-05-30,4.110000,4.210000,4.070000,4.140000,-0.002410,26919922.000000,111265402.110000,11282143852.799999,13623178098.059999,0.009878,17.674025,2018-09-30,2018-10-30,17.065128,0.463597,30.576071,1.311829,4.140000
sz002470,2019-05-29,4.110000,4.180000,4.090000,4.150000,0.000000,19595362.000000,81200776.820000,11309395408.000000,13656084325.350000,0.007191,17.716716,2018-09-30,2018-10-30,17.106348,0.464717,30.649926,1.314997,4.150000
sz002470,2019-05-28,4.180000,4.240000,4.120000,4.150000,-0.011905,26435786.000000,110568197.000000,11309395408.000000,13656084325.350000,0.009701,17.716716,2018-09-30,2018-10-30,17.106348,0.464717,30.649926,1.314997,4.150000
sz002470,2019-05-27,4.080000,4.210000,4.070000,4.200000,0.029412,35655841.000000,147874089.040000,11445653184.000000,13820615461.799999,0.013084,17.930171,2018-09-30,2018-10-30,17.312448,0.470316,31.019202,1.330841,4.200000
sz002470,2019-05-24,4.160000,4.180000,4.030000,4.080000,-0.012107,25497763.000000,104353848.810000,11118634521.600000,13425740734.320000,0.009356,17.417880,2018-09-30,2018-10-30,16.817807,0.456878,30.132939,1.292817,4.080000
sz002470,2019-05-23,4.150000,4.260000,4.090000,4.130000,-0.009592,34251998.000000,142652612.920000,11254892297.600000,13590271870.770000,0.012569,17.631334,2018-09-30,2018-10-30,17.023908,0.462477,30.502216,1.308660,4.130000
sz002470,2019-05-22,4.290000,4.320000,4.140000,4.170000,-0.030233,34521943.000000,145686836.320000,11363898518.400000,13721896779.930000,0.012668,17.802098,2018-09-30,2018-10-30,17.188788,0.466956,30.797637,1.321335,4.170000
sz002470,2019-05-21,4.110000,4.360000,4.110000,4.300000,0.046229,45991646.000000,196604126.960000,11718168736.000000,14149677734.700001,0.016877,18.357079,2018-09-30,2018-10-30,17.724650,0.481514,31.757755,1.362527,4.300000
sz002470,2019-05-20,4.210000,4.240000,3.980000,4.110000,-0.044186,56931940.000000,232132019.150000,11200389187.200001,13524459416.190001,0.020891,17.545953,2018-09-30,2018-10-30,16.941467,0.460237,30.354505,1.302323,4.110000
sz002470,2019-05-17,4.510000,4.520000,4.290000,4.300000,-0.042316,41723869.000000,183466841.660000,11718168736.000000,14149677734.700001,0.015311,18.357079,2018-09-30,2018-10-30,17.724650,0.481514,31.757755,1.362527,4.300000
sz002470,2019-05-16,4.470000,4.500000,4.440000,4.490000,-0.002222,39932030.000000,178519938.190000,12235948284.799999,14774896053.209999,0.014653,19.168206,2018-09-30,2018-10-30,18.507832,0.502790,33.161004,1.422732,4.490000
sz002470,2019-05-15,4.370000,4.560000,4.370000,4.500000,0.032110,57031906.000000,255485140.170000,12263199840.000000,14807802280.500000,0.020928,19.210897,2018-09-30,2018-10-30,18.549052,0.503910,33.234860,1.425901,4.500000
sz002470,2019-05-14,4.280000,4.420000,4.210000,4.360000,0.000000,43680826.000000,189880175.070000,11881678067.200001,14347115098.440001,0.016029,18.613225,2018-09-30,2018-10-30,17.971970,0.488232,32.200886,1.381539,4.360000
sz002470,2019-05-13,4.420000,4.460000,4.330000,4.360000,-0.033259,48867054.000000,214705196.730000,11881678067.200001,14347115098.440001,0.017932,18.613225,2018-09-30,2018-10-30,17.971970,0.488232,32.200886,1.381539,4.360000
sz002470,2019-05-10,4.460000,4.540000,4.360000,4.510000,0.022676,75898926.000000,340126605.820000,12290451395.200001,14840708507.790001,0.027851,19.253588,2018-09-30,2018-10-30,18.590272,0.505029,33.308715,1.429069,4.510000
sz002470,2019-05-09,4.390000,4.560000,4.340000,4.410000,-0.008989,73589528.000000,328196829.650000,12017935843.200001,14511646234.889999,0.027004,18.826679,2018-09-30,2018-10-30,18.178071,0.493831,32.570162,1.397383,4.410000
sz002470,2019-05-08,4.520000,4.590000,4.320000,4.450000,-0.053191,129074757.000000,571989367.200000,12126942064.000000,14643271144.049999,0.047364,18.997443,2018-09-30,2018-10-30,18.342951,0.498311,32.865583,1.410057,4.450000
sz002470,2019-05-07,4.700000,4.850000,4.700000,4.700000,-0.099617,146522054.000000,690635339.900000,12808230944.000000,15465926826.299999,0.053766,20.064715,2018-09-30,2018-10-30,19.373454,0.526306,34.711965,1.489274,4.700000
sz002470,2019-05-06,5.220000,5.220000,5.220000,5.220000,-0.100000,9241700.000000,48241674.000000,14225311814.400000,17177050645.379999,0.003391,22.284641,2018-09-30,2018-10-30,21.516900,0.584535,38.552437,1.654045,5.220000
sz002470,2019-04-30,5.990000,6.190000,5.800000,5.800000,-0.099379,37889604.000000,222554931.360000,15805902016.000000,19085611828.200001,0.013904,24.760712,2018-09-30,2018-10-30,23.907667,0.649483,42.836041,1.837828,5.800000
sz002470,2019-04-29,6.550000,6.560000,6.200000,6.440000,-0.018293,12886854.000000,82254802.700000,17550001548.799999,21191610374.759998,0.004729,27.492928,2018-09-30,2018-10-30,26.545754,0.721151,47.562777,2.040622,6.440000
sz002470,2019-04-26,6.720000,6.760000,6.550000,6.560000,-0.020896,11182865.000000,74046427.160000,17877020211.200001,21586485102.240002,0.004104,28.005219,2018-09-30,2018-10-30,27.040396,0.734588,48.449040,2.078646,6.560000
sz002470,2019-04-25,6.850000,6.930000,6.680000,6.700000,-0.026163,8426432.000000,57453345.680000,18258541984.000000,22047172284.299999,0.003092,28.602891,2018-09-30,2018-10-30,27.617477,0.750265,49.483013,2.123008,6.700000
sz002470,2019-04-24,6.750000,6.900000,6.650000,6.880000,0.020772,9989746.000000,67639726.440000,18749069977.599998,22639484375.520000,0.003666,29.371327,2018-09-30,2018-10-30,28.359439,0.770422,50.812408,2.180044,6.880000
sz002470,2019-04-23,6.950000,6.950000,6.730000,6.740000,-0.031609,11414007.000000,77871480.490000,18367548204.799999,22178797193.459999,0.004188,28.773655,2018-09-30,2018-10-30,27.782358,0.754745,49.778434,2.135682,6.740000
sz002470,2019-04-22,7.140000,7.150000,6.900000,6.960000,-0.023843,11824825.000000,82900933.960000,18967082419.200001,22902734193.840000,0.004339,29.712854,2018-09-30,2018-10-30,28.689200,0.779380,51.403250,2.205393,6.960000
sz002470,2019-04-19,7.070000,7.160000,7.030000,7.130000,0.002813,8337088.000000,59192560.210000,19430358857.599998,23462140057.770000,0.003059,30.438599,2018-09-30,2018-10-30,29.389942,0.798417,52.658789,2.259260,7.130000
sz002470,2019-04-18,7.150000,7.160000,7.090000,7.110000,-0.005594,5232916.000000,37274087.530000,19375855747.200001,23396327603.189999,0.001920,30.353217,2018-09-30,2018-10-30,29.307502,0.796177,52.511078,2.252923,7.110000
sz002470,2019-04-17,7.120000,7.180000,7.080000,7.150000,0.004213,9354876.000000,66694180.380000,19484861968.000000,23527952512.349998,0.003433,30.523981,2018-09-30,2018-10-30,29.472383,0.800656,52.806499,2.265598,7.150000
sz002470,2019-04-16,7.040000,7.130000,6.870000,7.120000,0.012802,12127115.000000,84841513.000000,19403107302.400002,23429233830.480000,0.004450,30.395908,2018-09-30,2018-10-30,29.348722,0.797297,52.584934,2.256092,7.120000
sz002470,2019-04-15,7.120000,7.150000,7.010000,7.030000,-0.005658,11358598.000000,80523420.270000,19157843305.599998,23133077784.869999,0.004168,30.011690,2018-09-30,2018-10-30,28.977741,0.787219,51.920236,2.227574,7.030000
sz002470,2019-04-12,7.060000,7.120000,7.000000,7.070000,0.000000,9370927.000000,66207476.290000,19266849526.400002,23264702694.029999,0.003439,30.182454,2018-09-30,2018-10-30,29.142622,0.791698,52.215657,2.240248,7.070000
sz002470,2019-04-11,7.280000,7.340000,7.010000,7.070000,-0.031507,17463510.000000,124759159.900000,19266849526.400002,23264702694.029999,0.006408,30.182454,2018-09-30,2018-10-30,29.142622,0.791698,52.215657,2.240248,7.070000
sz002470,2019-04-10,7.350000,7.380000,7.160000,7.300000,-0.005450,15700381.000000,113919064.030000,19893635296.000000,24021545921.700001,0.005761,31.164344,2018-09-30,2018-10-30,30.090684,0.817453,53.914328,2.313128,7.300000
sz002470,2019-04-09,7.600000,7.600000,7.260000,7.340000,-0.039267,21188763.000000,155866411.660000,20002641516.799999,24153170830.860001,0.007775,31.335108,2018-09-30,2018-10-30,30.255565,0.821933,54.209749,2.325802,7.340000
sz002470,2019-04-08,7.700000,7.970000,7.590000,7.640000,0.005263,28580754.000000,222246022.120000,20820188172.799999,25140357649.560001,0.010488,32.615834,2018-09-30,2018-10-30,31.492168,0.855527,56.425406,2.420863,7.640000
sz002470,2019-04-04,7.650000,7.660000,7.540000,7.600000,0.000000,10311301.000000,78384049.650000,20711181952.000000,25008732740.400002,0.003784,32.445070,2018-09-30,2018-10-30,31.327288,0.851047,56.129985,2.408188,7.600000
sz002470,2019-04-03,7.580000,7.620000,7.500000,7.600000,0.006623,9530118.000000,72158375.230000,20711181952.000000,25008732740.400002,0.003497,32.445070,2018-09-30,2018-10-30,31.327288,0.851047,56.129985,2.408188,7.600000
sz002470,2019-04-02,7.600000,7.720000,7.500000,7.550000,0.001326,10941600.000000,83258156.460000,20574924176.000000,24844201603.950001,0.004015,32.231616,2018-09-30,2018-10-30,31.121187,0.845448,55.760709,2.392344,7.550000
sz002470,2019-04-01,7.460000,7.690000,7.420000,7.540000,0.016173,16062232.000000,121593560.540000,20547672620.799999,24811295376.660000,0.005894,32.188925,2018-09-30,2018-10-30,31.079967,0.844329,55.686854,2.389176,7.540000
sz002470,2019-03-29,7.200000,7.520000,7.180000,7.420000,0.030556,11993474.000000,88686776.260000,20220653958.400002,24416420649.180000,0.004401,31.676635,2018-09-30,2018-10-30,30.585326,0.830891,54.800591,2.351152,7.420000
sz002470,2019-03-28,7.310000,7.330000,7.100000,7.200000,-0.015048,9748169.000000,70110864.720000,19621119744.000000,23692483648.799999,0.003577,30.737435,2018-09-30,2018-10-30,29.678483,0.806255,53.175775,2.281441,7.200000
sz002470,2019-03-27,7.600000,7.600000,7.220000,7.310000,-0.059202,21959199.000000,161446789.180000,19920886851.200001,24054452148.990002,0.008058,31.207035,2018-09-30,2018-10-30,30.131904,0.818573,53.988183,2.316296,7.310000
sz002470,2019-03-26,7.510000,7.980000,7.080000,7.770000,-0.012706,43345982.000000,323494241.840000,21174458390.400002,25568138604.330002,0.015906,33.170815,2018-09-30,2018-10-30,32.028030,0.870084,57.385524,2.462055,7.770000
sz002470,2019-03-25,7.980000,8.200000,7.850000,7.870000,-0.025990,11018274.000000,88526573.340000,21446973942.400002,25897200877.230000,0.004043,33.597724,2018-09-30,2018-10-30,32.440231,0.881282,58.124077,2.493742,7.870000
sz002470,2019-03-22,7.930000,8.090000,7.860000,8.080000,0.018916,7709439.000000,61557028.740000,22019256601.599998,26588231650.320000,0.002829,34.494233,2018-09-30,2018-10-30,33.305853,0.904798,59.675037,2.560284,8.080000
sz002470,2019-03-21,7.960000,7.980000,7.780000,7.930000,0.003797,8794586.000000,69556100.500000,21610483273.599998,26094638240.970001,0.003227,33.853870,2018-09-30,2018-10-30,32.687552,0.888001,58.567208,2.512754,7.930000
sz002470,2019-03-20,8.010000,8.080000,7.820000,7.900000,-0.011264,7277676.000000,57745910.600000,21528728608.000000,25995919559.099998,0.002671,33.725797,2018-09-30,2018-10-30,32.563891,0.884641,58.345643,2.503248,7.900000
sz002470,2019-03-19,8.250000,8.280000,7.960000,7.990000,-0.022032,7838511.000000,63326743.970000,21773992604.799999,26292075604.709999,0.002876,34.110015,2018-09-30,2018-10-30,32.934872,0.894720,59.010340,2.531766,7.990000
sz002470,2019-03-18,7.990000,8.180000,7.910000,8.170000,0.018703,10784531.000000,87033269.620000,22264520598.400002,26884387695.930000,0.003957,34.878451,2018-09-30,2018-10-30,33.676834,0.914876,60.339734,2.588802,8.170000
sz002470,2019-03-15,7.720000,8.050000,7.700000,8.020000,0.036176,10609222.000000,83868473.140000,21855747270.400002,26390794286.580002,0.003893,34.238088,2018-09-30,2018-10-30,33.058533,0.898079,59.231905,2.541272,8.020000
sz002470,2019-03-14,7.710000,7.830000,7.630000,7.740000,-0.001290,7746491.000000,60037772.290000,21092703724.799999,25469419922.459999,0.002843,33.042743,2018-09-30,2018-10-30,31.904369,0.866725,57.163959,2.452549,7.740000
sz002470,2019-03-13,7.910000,7.980000,7.710000,7.750000,-0.020228,10580556.000000,82938584.380000,21119955280.000000,25502326149.750000,0.003883,33.085434,2018-09-30,2018-10-30,31.945589,0.867844,57.237814,2.455718,7.750000
sz002470,2019-03-12,7.990000,8.040000,7.870000,7.910000,0.000000,11774524.000000,93671394.630000,21555980163.200001,26028825786.389999,0.004321,33.768488,2018-09-30,2018-10-30,32.605111,0.885761,58.419498,2.506417,7.910000
sz002470,2019-03-11,7.650000,7.920000,7.650000,7.910000,0.029948,10665462.000000,83404769.280000,21555980163.200001,26028825786.389999,0.003914,33.768488,2018-09-30,2018-10-30,32.605111,0.885761,58.419498,2.506417,7.910000
sz002470,2019-03-08,7.900000,8.070000,7.680000,7.680000,-0.022901,17450158.000000,136873499.670000,20929194393.599998,25271982558.720001,0.006403,32.786598,2018-09-30,2018-10-30,31.657049,0.860006,56.720827,2.433537,7.680000
sz002470,2019-03-07,7.800000,7.950000,7.690000,7.860000,-0.002538,16783080.000000,131787885.240000,21419722387.200001,25864294649.939999,0.006159,33.555033,2018-09-30,2018-10-30,32.399011,0.880162,58.050222,2.490573,7.860000
sz002470,2019-03-06,8.050000,8.070000,7.700000,7.880000,-0.012531,17786146.000000,139281992.380000,21474225497.599998,25930107104.520000,0.006527,33.640415,2018-09-30,2018-10-30,32.481451,0.882402,58.197932,2.496911,7.880000
sz002470,2019-03-05,7.830000,7.980000,7.760000,7.980000,0.024390,10547500.000000,83107606.690000,21746741049.599998,26259169377.419998,0.003870,34.067324,2018-09-30,2018-10-30,32.893652,0.893600,58.936484,2.528597,7.980000
sz002470,2019-03-04,7.850000,8.040000,7.750000,7.790000,-0.007643,13702503.000000,108396001.140000,21228961500.799999,25633951058.910000,0.005028,33.256197,2018-09-30,2018-10-30,32.110470,0.872324,57.533235,2.468393,7.790000
sz002470,2019-03-01,7.750000,7.870000,7.620000,7.850000,0.014212,8176373.000000,63317113.940000,21392470832.000000,25831388422.650002,0.003000,33.512343,2018-09-30,2018-10-30,32.357791,0.879042,57.976366,2.487405,7.850000
sz002470,2019-02-28,7.820000,7.910000,7.670000,7.740000,-0.010230,12441956.000000,96459545.500000,21092703724.799999,25469419922.459999,0.004566,33.042743,2018-09-30,2018-10-30,31.904369,0.866725,57.163959,2.452549,7.740000
sz002470,2019-02-27,7.990000,8.140000,7.770000,7.820000,-0.022500,8844523.000000,70167415.170000,21310716166.400002,25732669740.779999,0.003246,33.384270,2018-09-30,2018-10-30,32.234130,0.875683,57.754801,2.477899,7.820000
sz002470,2019-02-26,8.010000,8.210000,7.940000,8.000000,0.008827,15143348.000000,121870602.870000,21801244160.000000,26324981832.000000,0.005557,34.152706,2018-09-30,2018-10-30,32.976092,0.895839,59.084195,2.534935,8.000000
sz002470,2019-02-25,7.610000,7.990000,7.580000,7.930000,0.042050,13560274.000000,106512218.200000,21610483273.599998,26094638240.970001,0.004976,33.853870,2018-09-30,2018-10-30,32.687552,0.888001,58.567208,2.512754,7.930000
sz002470,2019-02-22,7.300000,7.620000,7.300000,7.610000,0.031165,10511268.000000,79003725.700000,20738433507.200001,25041638967.689999,0.003857,32.487761,2018-09-30,2018-10-30,31.368508,0.852167,56.203840,2.411357,7.610000
sz002470,2019-02-21,7.340000,7.470000,7.190000,7.380000,0.002717,9841252.000000,72331369.650000,20111647737.599998,24284795740.020000,0.003611,31.505871,2018-09-30,2018-10-30,30.420445,0.826412,54.505170,2.338477,7.380000
sz002470,2019-02-20,7.430000,7.460000,7.240000,7.360000,0.008219,7095994.000000,52075322.900000,20057144627.200001,24218983285.439999,0.002604,31.420489,2018-09-30,2018-10-30,30.338005,0.824172,54.357459,2.332140,7.360000
sz002470,2019-02-19,7.340000,7.560000,7.240000,7.300000,-0.004093,10106194.000000,74503198.030000,19893635296.000000,24021545921.700001,0.003708,31.164344,2018-09-30,2018-10-30,30.090684,0.817453,53.914328,2.313128,7.300000
sz002470,2019-02-18,7.110000,7.330000,7.110000,7.330000,0.033850,10247150.000000,74340098.450000,19975389961.599998,24120264603.570000,0.003760,31.292417,2018-09-30,2018-10-30,30.214345,0.820813,54.135894,2.322634,7.330000
sz002470,2019-02-15,7.200000,7.280000,7.080000,7.090000,-0.015278,5778042.000000,41460661.530000,19321352636.799999,23330515148.610001,0.002120,30.267836,2018-09-30,2018-10-30,29.225062,0.793938,52.363368,2.246586,7.090000
sz002470,2019-02-14,7.290000,7.300000,7.180000,7.200000,-0.013699,7270339.000000,52544846.340000,19621119744.000000,23692483648.799999,0.002668,30.737435,2018-09-30,2018-10-30,29.678483,0.806255,53.175775,2.281441,7.200000
sz002470,2019-02-13,6.980000,7.350000,6.870000,7.300000,0.038407,15807836.000000,112651772.960000,19893635296.000000,24021545921.700001,0.005801,31.164344,2018-09-30,2018-10-30,30.090684,0.817453,53.914328,2.313128,7.300000
sz002470,2019-02-12,7.280000,7.320000,6.770000,7.030000,-0.030345,22634429.000000,159256802.150000,19157843305.599998,23133077784.869999,0.008306,30.011690,2018-09-30,2018-10-30,28.977741,0.787219,51.920236,2.227574,7.030000
sz002470,2019-02-11,7.300000,7.330000,7.150000,7.250000,0.006944,8614125.000000,62470662.600000,19757377520.000000,23857014785.250000,0.003161,30.950890,2018-09-30,2018-10-30,29.884584,0.811854,53.545052,2.297284,7.250000
sz002470,2019-02-01,6.840000,7.200000,6.800000,7.200000,0.061947,9846283.000000,69427198.360000,19621119744.000000,23692483648.799999,0.003613,30.737435,2018-09-30,2018-10-30,29.678483,0.806255,53.175775,2.281441,7.200000
sz002470,2019-01-31,6.890000,6.910000,6.710000,6.780000,-0.015965,7847887.000000,53311596.850000,18476554425.599998,22310422102.619999,0.002880,28.944418,2018-09-30,2018-10-30,27.947238,0.759224,50.073855,2.148357,6.780000
sz002470,2019-01-30,6.800000,6.940000,6.700000,6.890000,0.005839,4570630.000000,31378803.080000,18776321532.799999,22672390602.810001,0.001677,29.414018,2018-09-30,2018-10-30,28.400660,0.771542,50.886263,2.183212,6.890000
sz002470,2019-01-29,6.950000,6.950000,6.690000,6.850000,-0.007246,6317037.000000,42953049.280000,18667315312.000000,22540765693.650002,0.002318,29.243254,2018-09-30,2018-10-30,28.235779,0.767062,50.590842,2.170538,6.850000
sz002470,2019-01-28,6.790000,7.040000,6.790000,6.900000,0.016200,5492161.000000,38114835.110000,18803573088.000000,22705296830.099998,0.002015,29.456709,2018-09-30,2018-10-30,28.441880,0.772661,50.960118,2.186381,6.900000
sz002470,2019-01-25,6.870000,6.920000,6.760000,6.790000,-0.007310,5415639.000000,36987363.400000,18503805980.799999,22343328329.910000,0.001987,28.987109,2018-09-30,2018-10-30,27.988458,0.760344,50.147710,2.151526,6.790000
sz002470,2019-01-24,6.870000,6.970000,6.770000,6.840000,-0.002915,5929053.000000,40576223.970000,18640063756.799999,22507859466.360001,0.002176,29.200563,2018-09-30,2018-10-30,28.194559,0.765943,50.516987,2.167369,6.840000
sz002470,2019-01-23,6.880000,6.920000,6.760000,6.860000,0.001460,5444083.000000,37221566.580000,18694566867.200001,22573671920.939999,0.001998,29.285945,2018-09-30,2018-10-30,28.276999,0.768182,50.664697,2.173706,6.860000
sz002470,2019-01-22,6.950000,7.020000,6.830000,6.850000,-0.010116,6056126.000000,41765837.130000,18667315312.000000,22540765693.650002,0.002222,29.243254,2018-09-30,2018-10-30,28.235779,0.767062,50.590842,2.170538,6.850000
sz002470,2019-01-21,6.980000,7.040000,6.900000,6.920000,-0.010014,5565548.000000,38674586.590000,18858076198.400002,22771109284.680000,0.002042,29.542091,2018-09-30,2018-10-30,28.524320,0.774901,51.107829,2.192718,6.920000
sz002470,2019-01-18,7.000000,7.030000,6.870000,6.990000,0.000000,6687561.000000,46556576.130000,19048837084.799999,23001452875.709999,0.002454,29.840927,2018-09-30,2018-10-30,28.812861,0.782740,51.624815,2.214899,6.990000
sz002470,2019-01-17,7.060000,7.080000,6.930000,6.990000,-0.002853,4187678.000000,29236705.090000,19048837084.799999,23001452875.709999,0.001537,29.840927,2018-09-30,2018-10-30,28.812861,0.782740,51.624815,2.214899,6.990000
sz002470,2019-01-16,7.100000,7.170000,6.960000,7.010000,-0.008487,6194217.000000,43711735.350000,19103340195.200001,23067265330.290001,0.002273,29.926308,2018-09-30,2018-10-30,28.895301,0.784979,51.772526,2.221236,7.010000
sz002470,2019-01-15,6.810000,7.100000,6.780000,7.070000,0.029112,8684924.000000,60838575.600000,19266849526.400002,23264702694.029999,0.003187,30.182454,2018-09-30,2018-10-30,29.142622,0.791698,52.215657,2.240248,7.070000
sz002470,2019-01-14,6.820000,6.950000,6.700000,6.870000,0.010294,6455963.000000,44239983.140000,18721818422.400002,22606578148.230000,0.002369,29.328636,2018-09-30,2018-10-30,28.318219,0.769302,50.738552,2.176875,6.870000
sz002470,2019-01-11,6.780000,6.880000,6.710000,6.800000,0.002950,7185358.000000,48940995.370000,18531057536.000000,22376234557.200001,0.002637,29.029800,2018-09-30,2018-10-30,28.029678,0.761463,50.221566,2.154694,6.800000
sz002470,2019-01-10,6.780000,6.880000,6.660000,6.780000,-0.010219,9124119.000000,61531013.870000,18476554425.599998,22310422102.619999,0.003348,28.944418,2018-09-30,2018-10-30,27.947238,0.759224,50.073855,2.148357,6.780000
sz002470,2019-01-09,6.800000,7.020000,6.750000,6.850000,0.007353,11271442.000000,77590527.540000,18667315312.000000,22540765693.650002,0.004136,29.243254,2018-09-30,2018-10-30,28.235779,0.767062,50.590842,2.170538,6.850000
sz002470,2019-01-08,6.570000,6.850000,6.550000,6.800000,0.033435,9768611.000000,65646186.230000,18531057536.000000,22376234557.200001,0.003585,29.029800,2018-09-30,2018-10-30,28.029678,0.761463,50.221566,2.154694,6.800000
sz002470,2019-01-07,6.390000,6.600000,6.390000,6.580000,0.024922,7339376.000000,47950269.860000,17931523321.599998,21652297556.820000,0.002693,28.090601,2018-09-30,2018-10-30,27.122836,0.736828,48.596750,2.084984,6.580000
sz002470,2019-01-04,6.220000,6.550000,6.210000,6.420000,0.023923,6857156.000000,43822162.130000,17495498438.400002,21125797920.180000,0.002516,27.407546,2018-09-30,2018-10-30,26.463314,0.718911,47.415066,2.034285,6.420000
sz002470,2019-01-03,6.340000,6.430000,6.210000,6.270000,-0.012598,6468536.000000,40886107.190000,17086725110.400000,20632204510.830002,0.002374,26.767183,2018-09-30,2018-10-30,25.845012,0.702114,46.307238,1.986755,6.270000
sz002470,2019-01-02,6.350000,6.410000,6.270000,6.350000,0.004747,4612912.000000,29307774.120000,17304737552.000000,20895454329.150002,0.001693,27.108710,2018-09-30,2018-10-30,26.174773,0.711072,46.898080,2.012104,6.350000
sz002470,2018-12-28,6.280000,6.360000,6.260000,6.320000,0.000000,5141922.000000,32452230.920000,17222982886.400002,20796735647.279999,0.001887,26.980638,2018-09-30,2018-10-30,26.051113,0.707713,46.676514,2.002598,6.320000
sz002470,2018-12-27,6.350000,6.410000,6.290000,6.320000,0.006369,5992180.000000,38025996.910000,17222982886.400002,20796735647.279999,0.002199,26.980638,2018-09-30,2018-10-30,26.051113,0.707713,46.676514,2.002598,6.320000
sz002470,2018-12-26,6.300000,6.440000,6.280000,6.280000,-0.001590,5181180.000000,32943692.800000,17113976665.600000,20665110738.119999,0.001901,26.809874,2018-09-30,2018-10-30,25.886232,0.703234,46.381093,1.989924,6.280000
sz002470,2018-12-25,6.250000,6.360000,6.170000,6.290000,-0.001587,6498864.000000,40683891.130000,17141228220.799999,20698016965.410000,0.002385,26.852565,2018-09-30,2018-10-30,25.927453,0.704354,46.454948,1.993092,6.290000
sz002470,2018-12-24,6.020000,6.310000,5.960000,6.300000,0.050000,9944242.000000,61979789.710000,17168479776.000000,20730923192.700001,0.003649,26.895256,2018-09-30,2018-10-30,25.968673,0.705473,46.528804,1.996261,6.300000
sz002470,2018-12-21,5.910000,6.030000,5.900000,6.000000,0.010101,5343524.000000,31797755.760000,16350933120.000000,19743736374.000000,0.001961,25.614529,2018-09-30,2018-10-30,24.732069,0.671879,44.313146,1.901201,6.000000
sz002470,2018-12-20,5.940000,6.060000,5.850000,5.940000,-0.006689,5281286.000000,31423251.470000,16187423788.799999,19546299010.259998,0.001938,25.358384,2018-09-30,2018-10-30,24.484749,0.665161,43.870015,1.882189,5.940000
sz002470,2018-12-19,6.040000,6.070000,5.960000,5.980000,-0.009934,3894312.000000,23415280.230000,16296430009.600000,19677923919.419998,0.001429,25.529148,2018-09-30,2018-10-30,24.649629,0.669640,44.165436,1.894864,5.980000
sz002470,2018-12-18,6.100000,6.120000,5.960000,6.040000,-0.016287,5452822.000000,32876054.200000,16459939340.799999,19875361283.160000,0.002001,25.785293,2018-09-30,2018-10-30,24.896950,0.676359,44.608567,1.913876,6.040000
sz002470,2018-12-17,6.040000,6.180000,6.040000,6.140000,0.009868,6969004.000000,42542159.550000,16732454892.799999,20204423556.060001,0.002557,26.212202,2018-09-30,2018-10-30,25.309151,0.687557,45.347120,1.945562,6.140000
sz002470,2018-12-14,6.300000,6.300000,6.080000,6.080000,-0.030303,16748300.000000,103086248.380000,16568945561.600000,20006986192.320000,0.006146,25.956056,2018-09-30,2018-10-30,25.061830,0.680838,44.903988,1.926550,6.080000
sz002470,2018-12-13,6.470000,6.470000,6.220000,6.270000,-0.015699,13595594.000000,85473162.600000,17086725110.400000,20632204510.830002,0.004989,26.767183,2018-09-30,2018-10-30,25.845012,0.702114,46.307238,1.986755,6.270000
sz002470,2018-12-12,6.380000,6.450000,6.300000,6.370000,0.007911,11720121.000000,74537732.260000,17359240662.400002,20961266783.730000,0.004301,27.194092,2018-09-30,2018-10-30,26.257214,0.713312,47.045790,2.018442,6.370000
sz002470,2018-12-11,6.020000,6.380000,6.010000,6.320000,0.058626,15994670.000000,99678313.050000,17222982886.400002,20796735647.279999,0.005869,26.980638,2018-09-30,2018-10-30,26.051113,0.707713,46.676514,2.002598,6.320000
sz002470,2018-12-10,6.180000,6.240000,5.900000,5.970000,-0.040193,11934212.000000,71958388.440000,16269178454.400000,19645017692.130001,0.004379,25.486457,2018-09-30,2018-10-30,24.608409,0.668520,44.091581,1.891695,5.970000
sz002470,2018-12-07,6.300000,6.300000,6.140000,6.220000,0.011382,6157978.000000,38211273.570000,16950467334.400000,20467673374.380001,0.002260,26.553729,2018-09-30,2018-10-30,25.638912,0.696515,45.937962,1.970912,6.220000
sz002470,2018-12-06,6.360000,6.360000,6.150000,6.150000,-0.036050,7837382.000000,48653790.650000,16759706448.000000,20237329783.349998,0.002876,26.254893,2018-09-30,2018-10-30,25.350371,0.688676,45.420975,1.948731,6.150000
sz002470,2018-12-05,6.200000,6.490000,6.150000,6.380000,0.017544,13669539.000000,87127978.150000,17386492217.599998,20994173011.020000,0.005016,27.236783,2018-09-30,2018-10-30,26.298434,0.714432,47.119645,2.021610,6.380000
sz002470,2018-12-04,6.360000,6.390000,6.220000,6.270000,-0.012598,7244671.000000,45541669.190000,17086725110.400000,20632204510.830002,0.002658,26.767183,2018-09-30,2018-10-30,25.845012,0.702114,46.307238,1.986755,6.270000
sz002470,2018-12-03,6.110000,6.440000,6.110000,6.350000,0.054817,9009833.000000,56929553.400000,17304737552.000000,20895454329.150002,0.003306,27.108710,2018-09-30,2018-10-30,26.174773,0.711072,46.898080,2.012104,6.350000
sz002470,2018-11-30,6.060000,6.130000,5.800000,6.020000,-0.003311,7374154.000000,44179886.540000,16405436230.400000,19809548828.580002,0.002706,25.699911,2018-09-30,2018-10-30,24.814509,0.674119,44.460857,1.907538,6.020000
sz002470,2018-11-29,6.040000,6.170000,6.010000,6.040000,0.004992,7946897.000000,48370315.470000,16459939340.799999,19875361283.160000,0.002916,25.785293,2018-09-30,2018-10-30,24.896950,0.676359,44.608567,1.913876,6.040000
sz002470,2018-11-28,5.980000,6.100000,5.930000,6.010000,0.010084,8182710.000000,49120968.180000,16378184675.200001,19776642601.290001,0.003003,25.657220,2018-09-30,2018-10-30,24.773289,0.672999,44.387001,1.904370,6.010000
sz002470,2018-11-27,5.860000,5.960000,5.810000,5.950000,0.025862,12233845.000000,72075379.640000,16214675344.000000,19579205237.549999,0.004489,25.401075,2018-09-30,2018-10-30,24.525969,0.666280,43.943870,1.885358,5.950000
sz002470,2018-11-26,6.170000,6.240000,5.550000,5.800000,-0.059968,14166600.000000,82420000.000000,15810000000.000000,19086000000.000000,0.005197,24.760712,2018-09-30,2018-10-30,23.907667,0.649483,42.836041,1.837828,5.800000
sz002470,2018-11-23,6.380000,6.410000,6.170000,6.170000,-0.032915,5202200.000000,32500000.000000,16818000000.000000,20303000000.000000,0.001909,26.340274,2018-09-30,2018-10-30,25.432811,0.690916,45.568685,1.955068,6.170000
sz002470,2018-11-22,6.230000,6.450000,6.230000,6.380000,0.007899,4138000.000000,26330000.000000,17390000000.000000,20994000000.000000,0.001518,27.236783,2018-09-30,2018-10-30,26.298434,0.714432,47.119645,2.021610,6.380000
sz002470,2018-11-21,6.350000,6.450000,6.210000,6.330000,-0.007837,5736700.000000,36330000.000000,17254000000.000000,20830000000.000000,0.002105,27.023328,2018-09-30,2018-10-30,26.092333,0.708833,46.750369,2.005767,6.330000
sz002470,2018-11-20,6.480000,6.600000,6.360000,6.380000,-0.015432,7564500.000000,48740000.000000,17390000000.000000,20994000000.000000,0.002775,27.236783,2018-09-30,2018-10-30,26.298434,0.714432,47.119645,2.021610,6.380000
sz002470,2018-11-19,6.570000,6.610000,6.370000,6.480000,0.001546,8461383.000000,54808263.000000,17659007769.599998,21323235283.919998,0.003105,27.663692,2018-09-30,2018-10-30,26.710635,0.725630,47.858198,2.053297,6.480000
sz002470,2018-11-16,6.230000,6.620000,6.210000,6.470000,0.038523,12082200.000000,77900000.000000,17636000000.000000,21290000000.000000,0.004433,27.621001,2018-09-30,2018-10-30,26.669415,0.724510,47.784343,2.050128,6.470000
sz002470,2018-11-15,6.190000,6.250000,6.110000,6.230000,0.013008,5124582.000000,31649894.580000,16977718889.600000,20500579601.669998,0.001880,26.596420,2018-09-30,2018-10-30,25.680132,0.697635,46.011817,1.974080,6.230000
sz002470,2018-11-14,6.320000,6.320000,6.080000,6.150000,-0.023810,5689600.000000,35290000.000000,16763999999.999998,20237000000.000000,0.002087,26.254893,2018-09-30,2018-10-30,25.350371,0.688676,45.420975,1.948731,6.150000
sz002470,2018-11-13,6.100000,6.320000,6.090000,6.300000,0.022727,4817900.000000,29980000.000000,17172000000.000000,20731000000.000000,0.001768,26.895256,2018-09-30,2018-10-30,25.968673,0.705473,46.528804,1.996261,6.300000
sz002470,2018-11-12,6.070000,6.170000,6.070000,6.160000,0.019868,3741100.000000,22940000.000000,16791000000.000000,20270000000.000000,0.001372,26.297583,2018-09-30,2018-10-30,25.391591,0.689796,45.494830,1.951900,6.160000
sz002470,2018-11-09,6.050000,6.100000,5.990000,6.040000,0.003322,2660400.000000,16130000.000000,16463999999.999998,19875000000.000000,0.000976,25.785293,2018-09-30,2018-10-30,24.896950,0.676359,44.608567,1.913876,6.040000
sz002470,2018-11-08,6.080000,6.100000,6.010000,6.020000,0.000000,2799477.000000,16951985.000000,16405436230.400000,19809548828.580002,0.001027,25.699911,2018-09-30,2018-10-30,24.814509,0.674119,44.460857,1.907538,6.020000
sz002470,2018-11-07,6.050000,6.100000,5.990000,6.020000,-0.006601,3432000.000000,20750000.000000,16409000000.000000,19810000000.000000,0.001259,25.699911,2018-09-30,2018-10-30,24.814509,0.674119,44.460857,1.907538,6.020000
sz002470,2018-11-06,6.030000,6.090000,5.940000,6.060000,0.010000,3965900.000000,23840000.000000,16518000000.000000,19941000000.000000,0.001455,25.870675,2018-09-30,2018-10-30,24.979390,0.678598,44.756278,1.920213,6.060000
sz002470,2018-11-05,5.940000,6.080000,5.900000,6.000000,0.005025,4843068.000000,29013486.820000,16350933120.000000,19743736374.000000,0.001777,25.614529,2018-09-30,2018-10-30,24.732069,0.671879,44.313146,1.901201,6.000000
sz002470,2018-11-02,5.780000,5.990000,5.780000,5.970000,0.043706,8695800.000000,51400000.000000,16272999999.999998,19645000000.000000,0.003190,25.486457,2018-09-30,2018-10-30,24.608409,0.668520,44.091581,1.891695,5.970000
sz002470,2018-11-01,5.700000,5.820000,5.590000,5.720000,0.010601,7280589.000000,41842940.370000,15587889574.400000,18822362009.880001,0.002672,24.419185,2018-09-30,2018-10-30,23.577906,0.640525,42.245199,1.812478,5.720000
sz002470,2018-10-31,5.630000,5.720000,5.610000,5.660000,0.008913,5090403.000000,28822870.960000,15424380243.200001,18624924646.139999,0.001868,24.163039,2018-09-30,2018-10-30,23.330585,0.633806,41.802068,1.793466,5.660000
sz002470,2018-10-30,5.540000,5.680000,5.420000,5.610000,0.003578,4360900.000000,24310000.000000,15291999999.999998,18460000000.000000,0.001600,23.949585,2018-09-30,2018-10-30,23.124485,0.628207,41.432792,1.777623,5.610000
sz002470,2018-10-29,5.580000,5.650000,5.510000,5.590000,0.000000,2860100.000000,16030000.000000,15237000000.000000,18395000000.000000,0.001049,23.864203,2018-06-30,2018-08-23,22.558515,0.625968,-16.766647,1.766472,5.590000
sz002470,2018-10-26,5.640000,5.780000,5.560000,5.590000,-0.005338,4273800.000000,24280000.000000,15237000000.000000,18395000000.000000,0.001568,23.864203,2018-06-30,2018-08-23,22.558515,0.625968,-16.766647,1.766472,5.590000
sz002470,2018-10-25,5.460000,5.670000,5.400000,5.620000,0.001783,5528000.000000,30440000.000000,15319000000.000000,17747000000.000000,0.002028,23.992276,2018-06-30,2018-08-23,22.679580,0.629327,-16.856629,1.775952,5.620000
sz002470,2018-10-24,5.590000,5.710000,5.550000,5.610000,-0.005319,7905800.000000,44560000.000000,15291999999.999998,17715000000.000000,0.002900,23.949585,2018-06-30,2018-08-23,22.639225,0.628207,-16.826635,1.772792,5.610000
sz002470,2018-10-23,5.730000,5.890000,5.570000,5.640000,-0.013986,7069485.000000,40548559.880000,15373388032.799999,17810206861.439999,0.002594,24.077658,2018-06-30,2018-08-23,22.760291,0.631567,-16.916617,1.782272,5.640000
sz002470,2018-10-22,5.680000,5.900000,5.580000,5.720000,0.025090,10572500.000000,60890000.000000,15591000000.000000,18063000000.000000,0.003879,24.419185,2018-06-30,2018-08-23,23.083132,0.640525,-17.156569,1.807553,5.720000
sz002470,2018-10-19,5.360000,5.600000,5.360000,5.580000,0.014545,6096500.000000,33570000.000000,15210000000.000000,17621000000.000000,0.002237,23.821512,2018-06-30,2018-08-23,22.518160,0.624848,-16.736653,1.763312,5.580000
sz002470,2018-10-18,5.570000,5.640000,5.310000,5.500000,-0.026549,9432235.000000,51376531.270000,14991779110.000000,17368109528.000000,0.003460,23.479985,2018-06-30,2018-08-23,22.195319,0.615890,-16.496701,1.738031,5.500000
sz002470,2018-10-17,5.750000,5.810000,5.520000,5.650000,-0.005282,4528500.000000,25610000.000000,15401000000.000000,17842000000.000000,0.001661,24.120348,2018-06-30,2018-08-23,22.800646,0.632687,-16.946611,1.785432,5.650000
sz002470,2018-10-16,5.870000,5.930000,5.620000,5.680000,-0.035654,4946200.000000,28480000.000000,15482000000.000000,17937000000.000000,0.001815,24.248421,2018-06-30,2018-08-23,22.921711,0.636046,-17.036593,1.794912,5.680000
sz002470,2018-10-15,6.120000,6.120000,5.750000,5.890000,-0.023217,7114100.000000,42020000.000000,16055000000.000002,18600000000.000000,0.002610,25.144930,2018-06-30,2018-08-23,23.769169,0.659562,-17.666467,1.861274,5.890000
sz002470,2018-10-12,6.100000,6.150000,5.890000,6.030000,-0.011475,6451900.000000,38920000.000000,16436000000.000002,19042000000.000000,0.002367,25.742602,2018-06-30,2018-08-23,24.334140,0.675239,-18.086383,1.905514,6.030000
sz002470,2018-10-11,6.200000,6.400000,5.820000,6.100000,-0.054264,7046000.000000,43160000.000000,16627000000.000002,19263000000.000000,0.002585,26.041438,2018-06-30,2018-08-23,24.616626,0.683077,-18.296341,1.927635,6.100000
sz002470,2018-10-10,6.480000,6.490000,6.380000,6.450000,0.006240,2495865.000000,16090356.760000,17581268229.000000,20368055719.200001,0.000916,27.535619,2018-06-30,2018-08-23,26.029056,0.722270,-19.346131,2.038237,6.450000
sz002470,2018-10-09,6.580000,6.630000,6.360000,6.410000,-0.025836,5870591.000000,37906308.760000,17472237108.200001,20241742195.360001,0.002154,27.364856,2018-06-30,2018-08-23,25.867635,0.717791,-19.226155,2.025596,6.410000
sz002470,2018-10-08,6.660000,6.760000,6.570000,6.580000,-0.026627,5287416.000000,35130419.900000,17935619371.599998,20778574671.680000,0.001940,28.090601,2018-06-30,2018-08-23,26.553672,0.736828,-19.736053,2.079317,6.580000
sz002470,2018-09-28,6.540000,6.790000,6.480000,6.760000,0.033639,10654000.000000,70690000.000000,18426000000.000000,21347000000.000000,0.003909,28.859036,2018-06-30,2018-08-23,27.280065,0.756984,-20.275945,2.136198,6.760000
sz002470,2018-09-27,6.520000,6.610000,6.440000,6.540000,0.001531,6352600.000000,41610000.000000,17827000000.000000,20652000000.000000,0.002331,27.919837,2018-06-30,2018-08-23,26.392252,0.732349,-19.616077,2.066677,6.540000
sz002470,2018-09-26,6.510000,6.590000,6.420000,6.530000,0.007716,4663400.000000,30380000.000000,17799000000.000000,20621000000.000000,0.001711,27.877146,2018-06-30,2018-08-23,26.351897,0.731229,-19.586083,2.063517,6.530000
sz002470,2018-09-25,6.550000,6.550000,6.440000,6.480000,-0.015198,4134300.000000,26780000.000000,17663000000.000000,20463000000.000000,0.001517,27.663692,2018-06-30,2018-08-23,26.150121,0.725630,-19.436113,2.047717,6.480000
sz002470,2018-09-21,6.350000,6.600000,6.340000,6.580000,0.037855,9604162.000000,62512258.100000,17935619371.599998,20778574671.680000,0.003523,28.090601,2018-06-30,2018-08-23,26.553672,0.736828,-19.736053,2.079317,6.580000
sz002470,2018-09-20,6.600000,6.620000,6.280000,6.340000,-0.024615,7393987.000000,47470348.500000,17281432646.799999,20020693528.639999,0.002713,27.066019,2018-06-30,2018-08-23,25.585149,0.709953,-19.016197,2.003476,6.340000
sz002470,2018-09-19,6.330000,6.530000,6.330000,6.500000,0.026856,6464761.000000,41776894.070000,17717557130.000000,20525947624.000000,0.002372,27.749073,2018-06-30,2018-08-23,26.230831,0.727869,-19.496101,2.054037,6.500000
sz002470,2018-09-18,6.400000,6.460000,6.280000,6.330000,0.006359,7949100.000000,50560899.260000,17254174866.599998,19989115147.680000,0.002916,27.023328,2018-06-30,2018-08-23,25.544794,0.708833,-18.986203,2.000316,6.330000
sz002470,2018-09-17,6.470000,6.530000,6.220000,6.290000,-0.030817,6691409.000000,42732689.830000,17145143745.799999,19862801623.840000,0.002455,26.852565,2018-06-30,2018-08-23,25.383374,0.704354,-18.866227,1.987676,6.290000
sz002470,2018-09-14,6.460000,6.540000,6.370000,6.490000,0.003091,7874568.000000,50965743.250000,17690299349.799999,20494369243.040001,0.002889,27.706383,2018-06-30,2018-08-23,26.190476,0.726750,-19.466107,2.050877,6.490000
sz002470,2018-09-13,6.110000,6.570000,6.110000,6.470000,0.058920,13094160.000000,83049460.100000,17635783789.400002,20431212481.119999,0.004804,27.621001,2018-06-30,2018-08-23,26.109766,0.724510,-19.406119,2.044557,6.470000
sz002470,2018-09-12,6.050000,6.170000,6.010000,6.110000,0.000000,7087203.000000,43282866.890000,16654503702.200001,19294390766.560001,0.002600,26.084129,2018-06-30,2018-08-23,24.656981,0.684197,-18.326335,1.930795,6.110000
sz002470,2018-09-11,5.810000,6.200000,5.810000,6.110000,0.046233,8971022.000000,53825656.280000,16654503702.200001,19294390766.560001,0.003291,26.084129,2018-06-30,2018-08-23,24.656981,0.684197,-18.326335,1.930795,6.110000
sz002470,2018-09-10,5.910000,5.940000,5.800000,5.840000,-0.016835,4999904.000000,29244512.960000,15918543636.799999,18441774480.639999,0.001834,24.931475,2018-06-30,2018-08-23,23.567393,0.653963,-17.516497,1.845473,5.840000
sz002470,2018-09-07,6.100000,6.160000,5.920000,5.940000,-0.021417,7655157.000000,46067752.770000,16191121438.799999,18757558290.240002,0.002808,25.358384,2018-06-30,2018-08-23,23.970944,0.665161,-17.816437,1.877074,5.940000
sz002470,2018-09-06,6.180000,6.240000,6.060000,6.070000,-0.017799,5775848.000000,35391673.840000,16545472581.400000,19168077242.720001,0.002119,25.913366,2018-06-30,2018-08-23,24.495561,0.679718,-18.206359,1.918155,6.070000
sz002470,2018-09-05,6.330000,6.350000,6.170000,6.180000,-0.028302,8315052.000000,51841693.480000,16845308163.600000,19515439433.279999,0.003051,26.382965,2018-06-30,2018-08-23,24.939467,0.692036,-18.536293,1.952915,6.180000
sz002470,2018-09-04,6.400000,6.420000,6.190000,6.360000,-0.009346,11829011.000000,74462490.000000,17335948207.200001,20083850290.560001,0.004340,27.151401,2018-06-30,2018-08-23,25.665860,0.712192,-19.076185,2.009796,6.360000
sz002470,2018-09-03,6.600000,6.640000,6.130000,6.420000,-0.036036,14084610.000000,89319341.500000,17499494888.400002,20273320576.320000,0.005167,27.407546,2018-06-30,2018-08-23,25.907990,0.718911,-19.256149,2.028757,6.420000
sz002470,2018-08-31,6.560000,6.700000,6.340000,6.660000,0.019908,10744776.000000,69778586.280000,18153681613.200001,21031201719.360001,0.003942,28.432128,2018-06-30,2018-08-23,26.876513,0.745786,-19.976005,2.104598,6.660000
sz002470,2018-08-30,6.710000,6.730000,6.510000,6.530000,-0.028274,6157085.000000,40512598.620000,17799330470.599998,20620682766.880001,0.002259,27.877146,2018-06-30,2018-08-23,26.351897,0.731229,-19.586083,2.063517,6.530000
sz002470,2018-08-29,6.770000,6.830000,6.660000,6.720000,-0.007386,2948267.000000,19807619.700000,18317228294.400002,21220672005.119999,0.001082,28.688273,2018-06-30,2018-08-23,27.118644,0.752505,-20.155969,2.123558,6.720000
sz002470,2018-08-28,6.790000,6.840000,6.720000,6.770000,0.002963,4302178.000000,29149950.250000,18453517195.400002,21378563909.919998,0.001578,28.901727,2018-06-30,2018-08-23,27.320420,0.758104,-20.305939,2.139359,6.770000
sz002470,2018-08-27,6.560000,6.840000,6.540000,6.750000,0.024279,8111751.000000,54255081.150000,18399001635.000000,21315407148.000000,0.002976,28.816346,2018-06-30,2018-08-23,27.239709,0.755864,-20.245951,2.133038,6.750000
sz002470,2018-08-24,6.700000,6.700000,6.500000,6.590000,-0.025148,9515846.000000,62570863.650000,17962877151.799999,20810153052.639999,0.003491,28.133291,2018-06-30,2018-08-23,26.594027,0.737948,-19.766047,2.082477,6.590000
sz002470,2018-08-23,6.790000,6.920000,6.600000,6.760000,-0.020290,11477499.000000,76674430.970000,18426259415.200001,21346985528.959999,0.004211,28.859036,2018-06-30,2018-08-23,27.280065,0.756984,-20.275945,2.136198,6.760000
sz002470,2018-08-22,6.950000,6.960000,6.810000,6.900000,-0.012876,6399497.000000,44039077.040000,17841868344.900002,21789082862.400002,0.002475,29.456709,2018-03-31,2018-04-27,26.005576,0.781026,39.787196,2.215807,6.900000
sz002470,2018-08-21,6.920000,7.010000,6.810000,6.990000,0.008658,8642325.000000,59796593.750000,18074588366.790001,22073288291.040001,0.003342,29.840927,2018-03-31,2018-04-27,26.344779,0.791213,40.306160,2.244709,6.990000
sz002470,2018-08-20,6.610000,6.940000,6.510000,6.930000,0.045249,10681415.000000,72065017.990000,17919441685.529999,21883818005.279999,0.004131,29.584781,2018-03-31,2018-04-27,26.118644,0.784422,39.960184,2.225441,6.930000
sz002470,2018-08-17,6.810000,7.160000,6.560000,6.630000,-0.025000,11539412.000000,78744265.620000,17143708279.230000,20936466576.480000,0.004463,28.304055,2018-03-31,2018-04-27,24.987967,0.750464,38.230306,2.129101,6.630000
sz002470,2018-08-16,6.720000,6.960000,6.620000,6.800000,0.000000,7182900.000000,49180000.000000,18542000000.000000,21473000000.000000,0.002634,29.029800,2018-03-31,2018-04-27,25.628684,0.769707,39.210570,2.183694,6.800000
sz002470,2018-08-15,6.960000,7.030000,6.780000,6.800000,-0.021583,5492725.000000,38006057.800000,17583290542.799999,21473299052.799999,0.002124,29.029800,2018-03-31,2018-04-27,25.628684,0.769707,39.210570,2.183694,6.800000
sz002470,2018-08-14,6.960000,7.010000,6.870000,6.950000,0.001441,8397012.000000,58221155.460000,17971157245.950001,21946974767.200001,0.003247,29.670163,2018-03-31,2018-04-27,26.194022,0.786685,40.075509,2.231864,6.950000
sz002470,2018-08-13,6.950000,7.050000,6.860000,6.940000,-0.016997,7580329.000000,52474054.530000,17945299465.740002,21915396386.240002,0.002932,29.627472,2018-03-31,2018-04-27,26.156333,0.785553,40.017847,2.228652,6.940000
sz002470,2018-08-10,6.990000,7.180000,6.930000,7.060000,0.000000,13112776.000000,92785668.050000,18255592828.259998,22294336957.759998,0.005071,30.139763,2018-03-31,2018-04-27,26.608604,0.799137,40.709798,2.267188,7.060000
sz002470,2018-08-09,6.830000,7.060000,6.610000,7.060000,0.030657,13105578.000000,90278157.760000,18255592828.259998,22294336957.759998,0.005068,30.139763,2018-03-31,2018-04-27,26.608604,0.799137,40.709798,2.267188,7.060000
sz002470,2018-08-08,6.900000,6.970000,6.780000,6.850000,0.000000,11136996.000000,76436910.750000,17712579443.849998,21631190957.599998,0.004307,29.243254,2018-03-31,2018-04-27,25.817130,0.775366,39.498883,2.199750,6.850000
sz002470,2018-08-07,6.350000,6.920000,6.350000,6.850000,0.085578,15406009.000000,103902308.600000,17712579443.849998,21631190957.599998,0.005958,29.243254,2018-03-31,2018-04-27,25.817130,0.775366,39.498883,2.199750,6.850000
sz002470,2018-08-06,6.540000,6.740000,6.260000,6.310000,-0.055389,9699031.000000,62701097.450000,16316259312.510000,19925958385.759998,0.003751,26.937947,2018-03-31,2018-04-27,23.781911,0.714242,36.385103,2.026339,6.310000
sz002470,2018-08-03,6.530000,6.800000,6.480000,6.680000,0.021407,10009514.000000,66918789.750000,17272997180.279999,21094358481.279999,0.003871,28.517509,2018-03-31,2018-04-27,25.176413,0.756124,38.518619,2.145158,6.680000
sz002470,2018-08-02,6.760000,6.770000,6.350000,6.540000,-0.031111,7316766.000000,47895588.410000,16910988257.340000,20652261147.840000,0.002830,27.919837,2018-03-31,2018-04-27,24.648764,0.740277,37.711343,2.100200,6.540000
sz002470,2018-08-01,7.040000,7.060000,6.700000,6.750000,-0.039829,8318189.000000,57281439.530000,17454001641.750000,21315407148.000000,0.003217,28.816346,2018-03-31,2018-04-27,25.440238,0.764047,38.922257,2.167637,6.750000
sz002470,2018-07-31,7.020000,7.080000,6.940000,7.030000,0.008608,5234972.000000,36743255.070000,18178019487.630001,22199601814.880001,0.002025,30.011690,2018-03-31,2018-04-27,26.495536,0.795741,40.536810,2.257554,7.030000
sz002470,2018-07-30,7.010000,7.070000,6.940000,6.970000,-0.009943,5448897.000000,38027163.160000,18022872806.369999,22010131529.119999,0.002107,29.755545,2018-03-31,2018-04-27,26.269401,0.788949,40.190835,2.238286,6.970000
sz002470,2018-07-27,7.030000,7.150000,7.020000,7.040000,0.000000,5946499.000000,42046125.060000,18203877267.840000,22231180195.840000,0.002300,30.054381,2018-03-31,2018-04-27,26.533226,0.796873,40.594473,2.260765,7.040000
sz002470,2018-07-26,7.090000,7.160000,7.000000,7.040000,-0.011236,6583568.000000,46460431.160000,18203877267.840000,22231180195.840000,0.002546,30.054381,2018-03-31,2018-04-27,26.533226,0.796873,40.594473,2.260765,7.040000
sz002470,2018-07-25,7.220000,7.250000,7.090000,7.120000,-0.009736,7309482.000000,52313935.270000,18410739509.520000,22483807243.520000,0.002827,30.395908,2018-03-31,2018-04-27,26.834739,0.805928,41.055774,2.286456,7.120000
sz002470,2018-07-24,7.200000,7.300000,7.160000,7.190000,-0.001389,11984112.000000,86424687.720000,18591743970.990002,22704855910.240002,0.004635,30.694744,2018-03-31,2018-04-27,27.098564,0.813852,41.459412,2.308935,7.190000
sz002470,2018-07-23,7.170000,7.270000,7.070000,7.200000,0.008403,9715251.000000,69551309.070000,18617601751.200001,22736434291.200001,0.003757,30.737435,2018-03-31,2018-04-27,27.136253,0.814983,41.517075,2.312146,7.200000
sz002470,2018-07-20,7.110000,7.180000,6.940000,7.140000,0.007052,12670005.000000,89928285.740000,18462455069.939999,22546964005.439999,0.004900,30.481290,2018-03-31,2018-04-27,26.910118,0.808192,41.171099,2.292878,7.140000
sz002470,2018-07-19,7.350000,7.420000,7.020000,7.090000,-0.050870,20265735.000000,145184048.240000,18333166168.889999,22389072100.639999,0.007837,30.267836,2018-03-31,2018-04-27,26.721672,0.802532,40.882786,2.276822,7.090000
sz002470,2018-07-18,6.770000,7.470000,6.770000,7.470000,0.100147,20350430.000000,148266588.070000,19315761816.869999,23589050577.119999,0.007870,31.890089,2018-03-31,2018-04-27,28.153863,0.845545,43.073965,2.398852,7.470000
sz002470,2018-07-17,6.930000,6.950000,6.710000,6.790000,-0.021614,7126616.000000,48568286.970000,17557432762.590000,21441720671.840000,0.002756,28.987109,2018-03-31,2018-04-27,25.590995,0.768575,39.152908,2.180482,6.790000
sz002470,2018-07-16,6.860000,7.000000,6.830000,6.940000,0.008721,4381340.000000,30307347.160000,17945299465.740002,21915396386.240002,0.001694,29.627472,2018-03-31,2018-04-27,26.156333,0.785553,40.017847,2.228652,6.940000
sz002470,2018-07-13,6.870000,6.960000,6.800000,6.880000,0.001456,5855054.000000,40400595.030000,17790152784.480000,21725926100.480000,0.002264,29.371327,2018-03-31,2018-04-27,25.930198,0.778762,39.671871,2.209384,6.880000
sz002470,2018-07-12,6.490000,6.990000,6.490000,6.870000,0.042489,10634564.000000,72753318.240000,17764295004.270000,21694347719.520000,0.004113,29.328636,2018-03-31,2018-04-27,25.892508,0.777630,39.614209,2.206173,6.870000
sz002470,2018-07-11,6.460000,6.650000,6.400000,6.590000,-0.007530,6406949.000000,41854379.460000,17040277158.389999,20810153052.639999,0.002478,28.133291,2018-03-31,2018-04-27,24.837210,0.745936,37.999656,2.116256,6.590000
sz002470,2018-07-10,6.510000,6.690000,6.450000,6.640000,0.027864,8443842.000000,55542685.330000,17169566059.440001,20968044957.439999,0.003265,28.346746,2018-03-31,2018-04-27,25.025656,0.751596,38.287969,2.132313,6.640000
sz002470,2018-07-09,6.380000,6.610000,6.370000,6.460000,0.014129,11873707.000000,76919571.250000,16704126015.660000,20399634100.160000,0.004592,27.578310,2018-03-31,2018-04-27,24.347250,0.731221,37.250042,2.074509,6.460000
sz002470,2018-07-06,6.200000,6.440000,6.130000,6.370000,0.032415,10148415.000000,63892952.070000,16471405993.770000,20115428671.520000,0.003925,27.194092,2018-03-31,2018-04-27,24.008046,0.721034,36.731078,2.045607,6.370000
sz002470,2018-07-05,6.730000,6.730000,6.160000,6.170000,-0.083210,13454632.000000,85612690.600000,15954250389.570000,19483861052.320000,0.005203,26.340274,2018-03-31,2018-04-27,23.254262,0.698396,35.577826,1.981381,6.170000
sz002470,2018-07-04,6.750000,6.760000,6.620000,6.730000,-0.001484,7611911.000000,50826398.310000,17402286081.330002,21252250386.080002,0.002944,28.730964,2018-03-31,2018-04-27,25.364859,0.761783,38.806932,2.161215,6.730000
sz002470,2018-07-03,6.780000,6.900000,6.450000,6.740000,-0.010279,15222604.000000,101127689.970000,17428143861.540001,21283828767.040001,0.005887,28.773655,2018-03-31,2018-04-27,25.402548,0.762915,38.864595,2.164426,6.740000
sz002470,2018-07-02,6.880000,7.000000,6.770000,6.810000,-0.010174,6053692.000000,41797242.460000,17609148323.009998,21504877433.759998,0.002341,29.072491,2018-03-31,2018-04-27,25.666373,0.770839,39.268233,2.186905,6.810000
sz002470,2018-06-29,6.700000,6.930000,6.680000,6.880000,0.020772,8729430.000000,59704121.260000,17790152784.480000,21725926100.480000,0.003376,29.371327,2018-03-31,2018-04-27,25.930198,0.778762,39.671871,2.209384,6.880000
sz002470,2018-06-28,6.960000,7.060000,6.680000,6.740000,-0.037143,8758030.000000,60199548.700000,17428143861.540001,21283828767.040001,0.003387,28.773655,2018-03-31,2018-04-27,25.402548,0.762915,38.864595,2.164426,6.740000
sz002470,2018-06-27,7.100000,7.150000,7.000000,7.000000,-0.012694,6899065.000000,48867684.780000,18100446147.000000,22104866672.000000,0.002668,29.883618,2018-03-31,2018-04-27,26.382469,0.792345,40.363822,2.247920,7.000000
sz002470,2018-06-26,7.180000,7.390000,7.050000,7.090000,-0.028767,14486074.000000,104209466.990000,18333166168.889999,22389072100.639999,0.005602,30.267836,2018-03-31,2018-04-27,26.721672,0.802532,40.882786,2.276822,7.090000
sz002470,2018-06-25,7.080000,8.050000,6.650000,7.300000,-0.012179,27783001.000000,196864701.780000,18876179553.299999,23052218100.799999,0.010745,31.164344,2018-03-31,2018-04-27,27.513146,0.826303,42.093701,2.344260,7.300000
sz002470,2018-06-14,8.120000,8.120000,7.350000,7.470000,-0.085679,26817231.000000,204825181.750000,19315761816.869999,23589050577.119999,0.010371,31.548562,2018-03-31,2018-04-27,27.852349,0.836490,42.612664,2.373161,7.390000
sz002470,2018-06-13,8.150000,8.250000,8.070000,8.170000,0.007398,8571875.000000,70151029.450000,21125806431.570000,25799537244.320000,0.003315,34.504920,2018-03-31,2018-04-27,30.462342,0.914876,46.605819,2.595546,8.082503
sz002470,2018-06-12,7.770000,8.150000,7.770000,8.110000,0.043758,8807717.000000,70394684.520000,20970659750.310001,25610066958.560001,0.003406,34.251518,2018-03-31,2018-04-27,30.238628,0.908157,46.263548,2.576484,8.023146
sz002470,2018-06-11,8.020000,8.070000,7.690000,7.770000,-0.040741,8489283.000000,66808899.800000,20091495223.169998,24536402005.919998,0.003283,32.815572,2018-03-31,2018-04-27,28.970917,0.870084,44.324016,2.468469,7.686787
sz002470,2018-06-08,8.150000,8.220000,7.970000,8.100000,-0.004914,6501792.000000,52381816.670000,20944801970.099998,25578488577.599998,0.002514,34.209284,2018-03-31,2018-04-27,30.201342,0.907037,46.206503,2.573307,8.013253
sz002470,2018-06-07,8.330000,8.380000,8.130000,8.140000,-0.018094,4970475.000000,40926347.770000,21048233090.939999,25704802101.439999,0.001922,34.378219,2018-03-31,2018-04-27,30.350485,0.911516,46.434683,2.586015,8.052825
sz002470,2018-06-06,8.290000,8.410000,8.270000,8.290000,-0.002407,4874582.000000,40581347.360000,21436099794.090000,26178477815.840000,0.001885,35.011724,2018-03-31,2018-04-27,30.909769,0.928313,47.290359,2.633669,8.201218
sz002470,2018-06-05,8.200000,8.320000,8.150000,8.310000,0.013415,4610017.000000,38061229.900000,21487815354.509998,26241634577.759998,0.001783,35.096191,2018-03-31,2018-04-27,30.984340,0.930553,47.404450,2.640023,8.221004
sz002470,2018-06-04,8.280000,8.280000,8.120000,8.200000,0.001221,4744914.000000,38906708.690000,21203379772.200001,25894272387.200001,0.001835,34.631621,2018-03-31,2018-04-27,30.574198,0.918235,46.776954,2.605077,8.112182
sz002470,2018-06-01,8.290000,8.330000,8.120000,8.190000,-0.014440,6522782.000000,53594064.150000,21177521991.990002,25862694006.240002,0.002523,34.589387,2018-03-31,2018-04-27,30.536913,0.917115,46.719909,2.601900,8.102289
sz002470,2018-05-31,8.080000,8.330000,8.040000,8.310000,0.036160,10113215.000000,82765194.910000,21487815354.509998,26241634577.759998,0.003911,35.096191,2018-03-31,2018-04-27,30.984340,0.930553,47.404450,2.640023,8.221004
sz002470,2018-05-30,8.100000,8.140000,7.920000,8.020000,-0.019560,8355343.000000,67039832.320000,20737939728.419998,25325861529.919998,0.003231,33.871415,2018-03-31,2018-04-27,29.903057,0.898079,45.750143,2.547892,7.934110
sz002470,2018-05-29,8.200000,8.250000,8.110000,8.180000,0.003681,5320310.000000,43594296.320000,21151664211.779999,25831115625.279999,0.002058,34.547154,2018-03-31,2018-04-27,30.499627,0.915996,46.662864,2.598723,8.092396
sz002470,2018-05-28,8.040000,8.290000,8.040000,8.150000,0.001229,8883449.000000,72593757.220000,21074090871.150002,25736380482.400002,0.003436,34.420452,2018-03-31,2018-04-27,30.387770,0.912636,46.491728,2.589192,8.062718
sz002470,2018-05-25,8.410000,8.500000,8.130000,8.140000,-0.032105,13956590.000000,115430043.830000,21048233090.939999,25704802101.439999,0.005397,34.378219,2018-03-31,2018-04-27,30.350485,0.911516,46.434683,2.586015,8.052825
sz002470,2018-05-24,8.830000,8.830000,8.360000,8.410000,-0.044318,19688332.000000,167724521.470000,21746393156.610001,26557418387.360001,0.007614,35.518528,2018-03-31,2018-04-27,31.357196,0.941751,47.974900,2.671792,8.319933
sz002470,2018-05-23,8.800000,8.900000,8.720000,8.800000,0.002278,10362051.000000,91444890.020000,22754846584.799999,27788975244.799999,0.004007,37.165642,2018-03-31,2018-04-27,32.811335,0.985423,50.199658,2.795692,8.705756
sz002470,2018-05-22,8.900000,8.920000,8.650000,8.780000,-0.011261,10391341.000000,90973914.500000,22703131024.380001,27725818482.880001,0.004019,37.081175,2018-03-31,2018-04-27,32.736764,0.983184,50.085568,2.789338,8.685971
sz002470,2018-05-21,8.930000,8.930000,8.730000,8.880000,0.000000,11612672.000000,102526489.050000,22961708826.480000,28041602292.480000,0.004491,37.503511,2018-03-31,2018-04-27,33.109620,0.994382,50.656018,2.821107,8.784900
sz002470,2018-05-18,8.800000,8.960000,8.750000,8.880000,0.011390,10303158.000000,91560317.070000,22961708826.480000,28041602292.480000,0.003985,37.503511,2018-03-31,2018-04-27,33.109620,0.994382,50.656018,2.821107,8.784900
sz002470,2018-05-17,8.910000,8.980000,8.710000,8.780000,-0.018994,12887597.000000,113231060.950000,22703131024.380001,27725818482.880001,0.004984,37.081175,2018-03-31,2018-04-27,32.736764,0.983184,50.085568,2.789338,8.685971
sz002470,2018-05-16,9.340000,9.340000,8.920000,8.950000,-0.044824,15917338.000000,144277032.130000,23142713287.950001,28262650959.200001,0.006156,37.799147,2018-03-31,2018-04-27,33.370619,1.002220,51.055334,2.843346,8.854150
sz002470,2018-05-15,9.400000,9.520000,9.220000,9.370000,-0.004251,12183278.000000,114094940.540000,24228740056.770000,29588942959.520000,0.004712,39.572962,2018-03-31,2018-04-27,34.936614,1.049252,53.451226,2.976777,9.269652
sz002470,2018-05-14,9.010000,9.420000,8.930000,9.410000,0.044395,14257646.000000,132431133.950000,24332171177.610001,29715256483.360001,0.005514,39.741897,2018-03-31,2018-04-27,35.085757,1.053731,53.679407,2.989484,9.309224
sz002470,2018-05-11,9.240000,9.290000,8.990000,9.010000,-0.020652,6286449.000000,57192897.410000,23297859969.209999,28452121244.959999,0.002431,38.052549,2018-03-31,2018-04-27,33.594333,1.008939,51.397604,2.862407,8.913507
sz002470,2018-05-10,9.190000,9.360000,9.040000,9.200000,-0.001086,8034283.000000,73917094.540000,23789157793.200001,29052110483.200001,0.003107,38.854989,2018-03-31,2018-04-27,34.302759,1.030215,52.481460,2.922769,9.101473
sz002470,2018-05-09,9.200000,9.250000,9.080000,9.210000,0.001087,4710552.000000,43245424.720000,23815015573.410000,29083688864.160000,0.001822,38.897223,2018-03-31,2018-04-27,34.340045,1.031335,52.538505,2.925946,9.111365
sz002470,2018-05-08,9.200000,9.290000,9.120000,9.200000,-0.007551,6949558.000000,63893111.940000,23789157793.200001,29052110483.200001,0.002688,38.854989,2018-03-31,2018-04-27,34.302759,1.030215,52.481460,2.922769,9.101473
sz002470,2018-05-07,8.950000,9.290000,8.790000,9.270000,0.041573,12828267.000000,116744077.940000,23970162254.669998,29273159149.919998,0.004961,39.150625,2018-03-31,2018-04-27,34.563758,1.038054,52.880776,2.945007,9.170723
sz002470,2018-05-04,8.910000,9.100000,8.770000,8.900000,-0.001122,7935842.000000,70839546.380000,23013424386.900002,28104759054.400002,0.003069,37.587979,2018-03-31,2018-04-27,33.184191,0.996621,50.770108,2.827461,8.804685
sz002470,2018-05-03,9.040000,9.040000,8.800000,8.910000,-0.003356,9416746.000000,84122164.920000,23039282167.110001,28136337435.360001,0.003642,37.630212,2018-03-31,2018-04-27,33.221477,0.997741,50.827153,2.830638,8.814578
sz002470,2018-05-02,8.680000,9.170000,8.680000,8.940000,0.032333,15708736.000000,140886053.260000,23116855507.740002,28231072578.240002,0.006075,37.756914,2018-03-31,2018-04-27,33.333333,1.001100,50.998289,2.840169,8.844257
sz002470,2018-04-27,8.350000,8.770000,8.350000,8.660000,0.038369,16654972.000000,143942766.610000,22392837661.860001,27346877911.360001,0.006441,36.574370,2018-03-31,2018-04-27,32.289336,0.969746,49.401027,2.751215,8.567256
sz002470,2018-04-26,8.750000,8.770000,8.340000,8.340000,-0.043578,5638768.000000,47895449.640000,21565388695.139999,26336369720.639999,0.002181,35.222892,2017-12-31,2018-04-17,36.260870,0.933912,17.673236,2.798094,8.250683
sz002470,2018-04-25,8.600000,8.880000,8.580000,8.720000,0.008092,8854964.000000,77452971.150000,22547984343.119999,27536348197.119999,0.003424,36.827772,2017-12-31,2018-04-17,37.913043,0.976465,18.478491,2.925585,8.626613
sz002470,2018-04-24,8.460000,8.680000,8.360000,8.650000,0.026097,9399421.000000,80537609.070000,22366979881.650002,27315299530.400002,0.003635,36.532137,2017-12-31,2018-04-17,37.608696,0.968626,18.330155,2.902100,8.557363
sz002470,2018-04-23,8.700000,8.770000,8.250000,8.430000,-0.037671,15810418.000000,133961033.270000,21798108717.029999,26620575149.279999,0.006114,35.602996,2017-12-31,2018-04-17,36.652174,0.943991,17.863954,2.828290,8.339719
sz002470,2018-04-20,8.650000,8.860000,8.630000,8.760000,0.005741,13903164.000000,121664711.170000,22651415463.959999,27662661720.959999,0.005377,36.996707,2017-12-31,2018-04-17,38.086957,0.980944,18.563255,2.939006,8.666185
sz002470,2018-04-19,9.040000,9.040000,8.650000,8.710000,-0.036504,16084615.000000,141778629.930000,22522126562.910000,27504769816.160000,0.006220,36.785539,2017-12-31,2018-04-17,37.869565,0.975345,18.457300,2.922230,8.616720
sz002470,2018-04-18,8.980000,9.110000,8.800000,9.040000,0.008929,14888448.000000,133871387.610000,23375433309.840000,28546856387.840000,0.005758,38.179250,2017-12-31,2018-04-17,39.304348,1.012298,19.156601,3.032946,8.943186
sz002470,2018-04-17,9.270000,9.340000,8.900000,8.960000,-0.035522,18413695.000000,168287993.930000,23168571068.160000,28294229340.160000,0.007121,37.841381,2017-12-31,2018-04-17,38.956522,1.003340,18.987074,3.006106,8.864043
sz002470,2018-04-16,9.380000,9.460000,9.200000,9.290000,-0.009595,15807430.000000,147024250.310000,24025767064.299999,29336315911.840000,0.006112,39.235092,2017-09-30,2017-10-30,36.909019,1.040293,-50.932018,3.048300,9.190509
sz002470,2018-04-13,9.630000,9.670000,9.300000,9.380000,-0.008457,11085397.000000,104317486.140000,24258524764.599998,29620521340.480000,0.004286,39.615196,2017-09-30,2017-10-30,37.266587,1.050372,-51.425439,3.077832,9.279545
sz002470,2018-04-12,9.630000,9.750000,9.440000,9.460000,-0.017653,22065636.000000,210889141.470000,24465420498.200001,29873148388.160000,0.008532,39.953065,2017-09-30,2017-10-30,37.584426,1.059330,-51.864035,3.104082,9.358688
sz002470,2018-04-11,9.020000,9.690000,9.010000,9.630000,0.060573,31324350.000000,295399885.680000,24905073932.099998,30409980864.480000,0.012112,40.671038,2017-09-30,2017-10-30,38.259833,1.078367,-52.796053,3.159863,9.526867
sz002470,2018-04-10,9.020000,9.110000,8.890000,9.080000,0.013393,9478748.000000,85458106.520000,23482665763.599998,28673169911.680000,0.003665,38.348185,2017-09-30,2017-10-30,36.074692,1.016778,-49.780702,2.979394,8.982758
sz002470,2018-04-09,8.930000,9.160000,8.890000,8.960000,0.000000,11240795.000000,101329445.080000,23172322163.200001,28294229340.160000,0.004346,37.841381,2017-09-30,2017-10-30,35.597934,1.003340,-49.122807,2.940018,8.864043
sz002470,2018-04-04,9.200000,9.270000,8.800000,8.960000,-0.018620,14645011.000000,132093319.710000,23172322163.200001,28294229340.160000,0.005663,37.841381,2017-09-30,2017-10-30,35.597934,1.003340,-49.122807,2.940018,8.864043
sz002470,2018-04-03,8.820000,9.180000,8.750000,9.130000,0.032805,17990168.000000,162303315.670000,23611975597.099998,28831061816.480000,0.006956,38.559354,2017-09-30,2017-10-30,36.273341,1.022377,-50.054825,2.995800,9.032222
sz002470,2018-04-02,8.800000,9.040000,8.600000,8.840000,0.021965,13743239.000000,121617275.000000,22861978562.799999,27915288768.639999,0.005314,37.334577,2017-09-30,2017-10-30,35.121176,0.989902,-48.464912,2.900643,8.745328
sz002470,2018-03-30,8.520000,8.730000,8.470000,8.650000,0.022459,11285067.000000,97456393.000000,22370601195.500000,27315299530.400002,0.004364,36.532137,2017-09-30,2017-10-30,34.366309,0.968626,-47.423246,2.838299,8.557363
sz002470,2018-03-29,8.280000,8.490000,8.220000,8.460000,0.016827,8084924.000000,67515564.000000,21879223828.200001,26715310292.160000,0.003126,35.729697,2017-09-30,2017-10-30,33.611442,0.947350,-46.381579,2.775955,8.369398
sz002470,2018-03-28,8.490000,8.490000,8.080000,8.320000,-0.025761,19082304.000000,158258668.000000,21517156294.400002,26273212958.720001,0.007379,35.138425,2017-09-30,2017-10-30,33.055224,0.931673,-45.614035,2.730017,8.230897
sz002470,2018-03-27,8.700000,8.800000,8.490000,8.540000,-0.010429,18352404.000000,158343967.000000,22086119561.799999,26967937339.840000,0.007096,36.067566,2017-09-30,2017-10-30,33.929281,0.956308,-46.820175,2.802205,8.448541
sz002470,2018-03-26,8.200000,8.660000,7.920000,8.630000,0.017689,11982322.000000,99731108.000000,22318877262.099998,27252142768.480000,0.004633,36.447669,2017-09-30,2017-10-30,34.286849,0.966387,-47.313596,2.831736,8.537577
sz002470,2018-03-23,8.420000,8.920000,8.310000,8.480000,-0.017381,18242366.000000,158031372.000000,21930947761.599998,26778467054.080002,0.007054,35.814164,2017-09-30,2017-10-30,33.690902,0.949590,-46.491228,2.782517,8.389183
sz002470,2018-03-22,8.550000,8.840000,8.430000,8.630000,0.017689,10531301.000000,91199187.000000,22318877262.099998,27252142768.480000,0.004072,36.447669,2017-09-30,2017-10-30,34.286849,0.966387,-47.313596,2.831736,8.537577
sz002470,2018-03-21,8.520000,8.790000,8.470000,8.480000,-0.004695,15425550.000000,133737927.210000,21930947761.599998,26778467054.080002,0.005965,35.814164,2017-09-30,2017-10-30,33.690902,0.949590,-46.491228,2.782517,8.389183
sz002470,2018-03-20,8.360000,8.600000,8.210000,8.520000,0.026506,10898298.000000,91626411.820000,22034395628.400002,26904780577.919998,0.004214,35.983099,2017-09-30,2017-10-30,33.849821,0.954069,-46.710526,2.795642,8.428755
sz002470,2018-03-19,8.480000,8.620000,8.260000,8.300000,-0.013080,14462608.000000,122075540.070000,21465432361.000000,26210056196.799999,0.005592,35.053958,2017-09-30,2017-10-30,32.975765,0.929433,-45.504386,2.723455,8.211111
sz002470,2018-03-16,8.550000,8.630000,8.360000,8.410000,-0.007084,14532891.000000,122866923.370000,21749913994.700001,26557418387.360001,0.005619,35.518528,2017-09-30,2017-10-30,33.412793,0.941751,-46.107456,2.759548,8.319933
sz002470,2018-03-15,8.860000,9.070000,8.430000,8.470000,-0.027555,13673878.000000,117978683.260000,21905085794.900002,26746888673.119999,0.005287,35.771930,2017-09-30,2017-10-30,33.651172,0.948470,-46.436404,2.779236,8.379290
sz002470,2018-03-14,8.970000,9.100000,8.700000,8.710000,-0.022447,11089805.000000,98348862.390000,22525772995.700001,27504769816.160000,0.004288,36.785539,2017-09-30,2017-10-30,34.604688,0.975345,-47.752193,2.857987,8.616720
sz002470,2018-03-13,9.000000,9.190000,8.870000,8.910000,-0.010000,14018248.000000,126680631.870000,23043012329.700001,28136337435.360001,0.005420,37.630212,2017-09-30,2017-10-30,35.399285,0.997741,-48.848684,2.923612,8.814578
sz002470,2018-03-12,8.760000,9.130000,8.710000,9.000000,0.028571,15084935.000000,135950040.200000,23275770030.000000,28420542864.000000,0.005833,38.010316,2017-09-30,2017-10-30,35.756853,1.007819,-49.342105,2.953143,8.903614
sz002470,2018-03-09,8.570000,8.870000,8.570000,8.750000,0.029412,11371587.000000,99376718.350000,22629220862.500000,27631083340.000000,0.004397,36.954474,2017-09-30,2017-10-30,34.763607,0.979824,-47.971491,2.871112,8.656292
sz002470,2018-03-08,8.470000,8.650000,8.470000,8.500000,0.002358,5916991.000000,50705496.540000,21982671695.000000,26841623816.000000,0.002288,35.898631,2017-09-30,2017-10-30,33.770362,0.951829,-46.600877,2.789080,8.408969
sz002470,2018-03-07,8.480000,8.690000,8.450000,8.480000,0.002364,8063462.000000,68994767.140000,21930947761.599998,26778467054.080002,0.003118,35.814164,2017-09-30,2017-10-30,33.690902,0.949590,-46.491228,2.782517,8.389183
sz002470,2018-03-06,8.500000,8.550000,8.310000,8.460000,-0.010526,10158667.000000,85494556.900000,21879223828.200001,26715310292.160000,0.003928,35.729697,2017-09-30,2017-10-30,33.611442,0.947350,-46.381579,2.775955,8.369398
sz002470,2018-03-05,8.480000,8.690000,8.450000,8.550000,0.005882,9519973.000000,81336521.020000,22111981528.500000,26999515720.799999,0.003681,36.109800,2017-09-30,2017-10-30,33.969011,0.957428,-46.875000,2.805486,8.458434
sz002470,2018-03-02,8.600000,8.720000,8.450000,8.500000,-0.024110,12056898.000000,103359929.930000,21982671695.000000,26841623816.000000,0.004662,35.898631,2017-09-30,2017-10-30,33.770362,0.951829,-46.600877,2.789080,8.408969
sz002470,2018-03-01,8.500000,8.860000,8.300000,8.710000,0.027123,21701977.000000,187634065.480000,22525772995.700001,27504769816.160000,0.008391,36.785539,2017-09-30,2017-10-30,34.604688,0.975345,-47.752193,2.857987,8.616720
sz002470,2018-02-28,8.110000,8.910000,8.110000,8.480000,0.046914,36528020.000000,315615496.930000,21930947761.599998,26778467054.080002,0.014124,35.814164,2017-09-30,2017-10-30,33.690902,0.949590,-46.491228,2.782517,8.389183
sz002470,2018-02-27,7.900000,8.140000,7.770000,8.100000,0.024020,10406500.000000,82830000.000000,22087000000.000000,25579000000.000000,0.003816,34.209284,2017-09-30,2017-10-30,32.181168,0.907037,-44.407895,2.657829,8.013253
sz002470,2018-02-26,7.570000,8.050000,7.550000,7.910000,0.047682,13786421.000000,106990890.740000,20456815659.700001,24978499339.360001,0.005331,33.406844,2017-09-30,2017-10-30,31.426301,0.885761,-43.366228,2.595485,7.825288
sz002470,2018-02-23,7.640000,7.720000,7.480000,7.550000,-0.015645,12254483.000000,92994541.750000,19525784858.500000,23841677624.799999,0.004738,31.886431,2017-09-30,2017-10-30,29.996027,0.845448,-41.392544,2.477359,7.469143
sz002470,2018-02-22,7.620000,7.720000,7.450000,7.670000,0.002614,11877499.000000,90153240.360000,19836128458.900002,24220618196.320000,0.004593,32.393236,2017-09-30,2017-10-30,30.472785,0.858886,-42.050439,2.516734,7.587858
sz002470,2018-02-14,7.480000,7.680000,7.360000,7.650000,0.033784,10866732.000000,81865915.170000,19784404525.500000,24157461434.400002,0.004202,32.308768,2017-09-30,2017-10-30,30.393325,0.856646,-41.940789,2.510172,7.568072
sz002470,2018-02-13,7.930000,8.000000,7.380000,7.400000,-0.097561,20839559.000000,158171241.400000,19137855358.000000,23368001910.400002,0.008058,31.252926,2017-09-30,2017-10-30,29.400079,0.828651,-40.570175,2.428140,7.320750
sz002470,2018-02-12,7.420000,8.200000,7.420000,8.200000,-0.004854,41198800.000000,313780000.000000,22359000000.000000,25894000000.000000,0.015109,34.631621,2017-09-30,2017-10-30,32.578466,0.918235,-44.956140,2.690642,8.112182
sz002470,2018-02-09,8.240000,8.240000,8.240000,8.240000,-0.099454,1694600.000000,13963504.000000,21310260560.799999,26020585911.040001,0.000655,34.800556,2017-09-30,2017-10-30,32.737386,0.922714,-45.175439,2.703767,8.151754
sz002470,2017-10-24,9.000000,9.280000,8.810000,9.150000,0.011050,16172823.000000,147401577.390000,23594306397.150002,28822766685.900002,0.006272,38.643821,2017-06-30,2017-08-22,27.938931,1.024616,17.997640,3.043811,9.052008
sz002470,2017-10-23,8.980000,9.080000,8.930000,9.050000,0.002215,7982508.000000,71892464.460000,23336445125.049999,28507763771.299999,0.003096,38.221484,2017-06-30,2017-08-22,27.633588,1.013418,17.800944,3.010545,8.953079
sz002470,2017-10-20,8.960000,9.120000,8.810000,9.030000,0.001109,11218031.000000,100821660.940000,23284872870.630001,28444763188.380001,0.004350,38.137017,2017-06-30,2017-08-22,27.572519,1.011179,17.761605,3.003892,8.933293
sz002470,2017-10-19,8.540000,9.170000,8.530000,9.020000,0.047619,23450858.000000,208888637.580000,23259086743.419998,28413262896.919998,0.009094,38.094783,2017-06-30,2017-08-22,27.541985,1.010059,17.741935,3.000566,8.923400
sz002470,2017-10-18,8.630000,8.650000,8.520000,8.610000,-0.001160,9826040.000000,84538854.210000,22201855527.810001,27121750947.060001,0.003811,36.363202,2017-06-30,2017-08-22,26.290076,0.964147,16.935484,2.864176,8.517791
sz002470,2017-10-17,8.650000,8.680000,8.520000,8.620000,-0.001159,6919466.000000,59469663.820000,22227641655.020000,27153251238.520000,0.002683,36.405436,2017-06-30,2017-08-22,26.320611,0.965267,16.955153,2.867503,8.527684
sz002470,2017-10-16,8.450000,8.660000,8.430000,8.630000,0.021302,15102557.000000,130083902.560000,22253427782.230000,27184751529.980000,0.005857,36.447669,2017-06-30,2017-08-22,26.351145,0.966387,16.974823,2.870829,8.537577
sz002470,2017-10-13,8.490000,8.550000,8.430000,8.450000,-0.004711,6777300.000000,57488009.000000,21789277492.450001,26617746283.700001,0.002628,35.687463,2017-06-30,2017-08-22,25.801527,0.946230,16.620771,2.810951,8.359505
sz002470,2017-10-12,8.370000,8.530000,8.320000,8.490000,0.011919,12746099.000000,107880278.860000,21892422001.290001,26743747449.540001,0.004943,35.856398,2017-06-30,2017-08-22,25.923664,0.950709,16.699449,2.824257,8.399076
sz002470,2017-10-11,8.240000,8.390000,8.220000,8.390000,0.016970,14283861.000000,118872380.760000,21634560729.189999,26428744534.939999,0.005539,35.434061,2017-06-30,2017-08-22,25.618321,0.939511,16.502754,2.790992,8.300147
sz002470,2017-10-10,8.220000,8.250000,8.160000,8.250000,0.004872,5603410.000000,46065795.940000,21273554948.250000,25987740454.500000,0.002173,34.842789,2017-06-30,2017-08-22,25.190840,0.923834,16.227380,2.744420,8.161647
sz002470,2017-10-09,8.100000,8.230000,8.080000,8.210000,0.019876,10237058.000000,83914982.740000,21170410439.410000,25861739288.660000,0.003970,34.673855,2017-06-30,2017-08-22,25.068702,0.919355,16.148702,2.731113,8.122075
sz002470,2017-09-29,8.060000,8.080000,8.010000,8.050000,0.002491,4263247.000000,34353845.090000,20757832404.049999,25357734625.299999,0.001653,33.998116,2017-06-30,2017-08-22,24.580153,0.901438,15.833989,2.677888,7.963788
sz002470,2017-09-28,7.980000,8.060000,7.950000,8.030000,0.006266,4435260.000000,35597633.630000,20706260149.630001,25294734042.380001,0.001720,33.913648,2017-06-30,2017-08-22,24.519084,0.899199,15.794650,2.671235,7.944003
sz002470,2017-09-27,8.020000,8.050000,7.950000,7.980000,-0.004988,5272097.000000,42146340.800000,20577329513.580002,25137232585.080002,0.002045,33.702480,2017-06-30,2017-08-22,24.366412,0.893600,15.696302,2.654602,7.894538
sz002470,2017-09-26,7.790000,8.030000,7.790000,8.020000,0.028205,10033823.000000,79663268.110000,20680474022.419998,25263233750.919998,0.003891,33.871415,2017-06-30,2017-08-22,24.488550,0.898079,15.774980,2.667909,7.934110
sz002470,2017-09-25,7.880000,7.900000,7.710000,7.800000,-0.008895,9745682.000000,75738956.560000,20113179223.799999,24570227338.799999,0.003779,32.942274,2017-06-30,2017-08-22,23.816794,0.873443,15.342250,2.594724,7.716466
sz002470,2017-09-22,7.950000,8.000000,7.730000,7.870000,-0.013784,10808630.000000,84658231.000000,20293682114.270000,24790729379.020000,0.004192,33.237909,2017-06-30,2017-08-22,24.030534,0.881282,15.479937,2.618010,7.785716
sz002470,2017-09-21,8.100000,8.100000,7.980000,7.980000,-0.012376,6954302.000000,55740639.320000,20577329513.580002,25137232585.080002,0.002697,33.702480,2017-06-30,2017-08-22,24.366412,0.893600,15.696302,2.654602,7.894538
sz002470,2017-09-20,8.140000,8.160000,8.040000,8.080000,-0.012225,6973509.000000,56335421.420000,20835190785.680000,25452235499.680000,0.002704,34.124817,2017-06-30,2017-08-22,24.671756,0.904798,15.892998,2.687868,7.993467
sz002470,2017-09-19,8.200000,8.200000,8.060000,8.180000,-0.003654,8569858.000000,69666472.340000,21093052057.779999,25767238414.279999,0.003323,34.547154,2017-06-30,2017-08-22,24.977099,0.915996,16.089693,2.721134,8.092396
sz002470,2017-09-18,8.160000,8.220000,8.140000,8.210000,0.003667,5559188.000000,45509375.910000,21170410439.410000,25861739288.660000,0.002156,34.673855,2017-06-30,2017-08-22,25.068702,0.919355,16.148702,2.731113,8.122075
sz002470,2017-09-15,8.200000,8.250000,8.140000,8.180000,-0.002439,4660100.000000,38200000.000000,22241000000.000000,25767000000.000000,0.001714,34.547154,2017-06-30,2017-08-22,24.977099,0.915996,16.089693,2.721134,8.092396
sz002470,2017-09-14,8.230000,8.280000,8.190000,8.200000,-0.002433,7897401.000000,65004738.520000,21144624312.200001,25830238997.200001,0.003063,34.631621,2017-06-30,2017-08-22,25.038168,0.918235,16.129032,2.727787,8.112182
sz002470,2017-09-13,8.100000,8.220000,8.080000,8.220000,0.014815,10993294.000000,90001055.090000,21196196566.619999,25893239580.119999,0.004263,34.716088,2017-06-30,2017-08-22,25.099237,0.920475,16.168371,2.734440,8.131968
sz002470,2017-09-12,8.140000,8.190000,8.000000,8.100000,-0.002463,12006400.000000,97425088.590000,20886763040.099998,25515236082.599998,0.004656,34.209284,2017-06-30,2017-08-22,24.732824,0.907037,15.932337,2.694521,8.013253
sz002470,2017-09-11,8.000000,8.160000,7.990000,8.120000,0.012469,6193710.000000,50164146.760000,20938335294.520000,25578236665.520000,0.002402,34.293751,2017-06-30,2017-08-22,24.793893,0.909277,15.971676,2.701174,8.033039
sz002470,2017-09-08,8.060000,8.100000,7.990000,8.020000,-0.004963,6467300.000000,51999830.930000,20680474022.419998,25263233750.919998,0.002508,33.871415,2017-06-30,2017-08-22,24.488550,0.898079,15.774980,2.667909,7.934110
sz002470,2017-09-07,8.030000,8.090000,8.010000,8.060000,0.002488,8710928.000000,70239564.900000,20783618531.259998,25389234916.759998,0.003378,34.040349,2017-06-30,2017-08-22,24.610687,0.902558,15.853659,2.681215,7.973681
sz002470,2017-09-06,8.060000,8.140000,8.000000,8.040000,-0.009852,13789648.000000,111158882.130000,20732046276.840000,25326234333.840000,0.005348,33.955882,2017-06-30,2017-08-22,24.549618,0.900319,15.814319,2.674562,7.953896
sz002470,2017-09-05,8.250000,8.270000,8.040000,8.120000,-0.014563,12676343.000000,102895993.960000,20938335294.520000,25578236665.520000,0.004916,34.293751,2017-06-30,2017-08-22,24.793893,0.909277,15.971676,2.701174,8.033039
sz002470,2017-09-04,8.160000,8.270000,8.140000,8.240000,0.007335,8714493.000000,71678914.810000,21247768821.040001,25956240163.040001,0.003380,34.800556,2017-06-30,2017-08-22,25.160305,0.922714,16.207710,2.741093,8.151754
sz002470,2017-09-01,8.170000,8.200000,8.100000,8.180000,0.001224,5480300.000000,44734697.380000,21093052057.779999,25767238414.279999,0.002125,34.547154,2017-06-30,2017-08-22,24.977099,0.915996,16.089693,2.721134,8.092396
sz002470,2017-08-31,8.150000,8.200000,8.120000,8.170000,0.001225,5083705.000000,41530934.970000,21067265930.570000,25735738122.820000,0.001971,34.504920,2017-06-30,2017-08-22,24.946565,0.914876,16.070024,2.717807,8.082503
sz002470,2017-08-30,8.100000,8.170000,8.050000,8.160000,0.009901,6016832.000000,48865897.320000,21041479803.360001,25704237831.360001,0.002333,34.462686,2017-06-30,2017-08-22,24.916031,0.913756,16.050354,2.714481,8.072610
sz002470,2017-08-29,8.230000,8.230000,8.020000,8.080000,-0.014634,12013833.000000,97235022.840000,20835190785.680000,25452235499.680000,0.004659,34.124817,2017-06-30,2017-08-22,24.671756,0.904798,15.892998,2.687868,7.993467
sz002470,2017-08-28,8.190000,8.310000,8.190000,8.200000,0.003672,11482079.000000,94522715.980000,21144624312.200001,25830238997.200001,0.004453,34.631621,2017-06-30,2017-08-22,25.038168,0.918235,16.129032,2.727787,8.112182
sz002470,2017-08-25,8.150000,8.230000,8.100000,8.170000,-0.002442,8662042.000000,70713172.850000,21067265930.570000,25735738122.820000,0.003359,34.504920,2017-06-30,2017-08-22,24.946565,0.914876,16.070024,2.717807,8.082503
sz002470,2017-08-24,8.080000,8.230000,8.080000,8.190000,0.016129,15100341.000000,123464752.810000,21118838184.990002,25798738705.740002,0.005856,34.589387,2017-06-30,2017-08-22,25.007634,0.917115,16.109363,2.724460,8.102289
sz002470,2017-08-23,8.100000,8.110000,8.020000,8.060000,-0.004938,5079859.000000,40947309.620000,20783618531.259998,25389234916.759998,0.001970,34.040349,2017-06-30,2017-08-22,24.610687,0.902558,15.853659,2.681215,7.973681
sz002470,2017-08-22,8.030000,8.120000,7.960000,8.100000,0.002475,10926169.000000,88225955.700000,20886763040.099998,25515236082.599998,0.004237,34.209284,2017-06-30,2017-08-22,24.732824,0.907037,15.932337,2.694521,8.013253
sz002470,2017-08-21,7.970000,8.090000,7.920000,8.080000,0.013802,11779738.000000,94505178.540000,20835190785.680000,25452235499.680000,0.004568,34.124817,2017-03-31,2017-04-27,41.511430,0.916846,59.168292,2.744842,7.993467
sz002470,2017-08-18,7.880000,8.010000,7.840000,7.970000,0.010139,8152637.000000,64568148.280000,20551543386.369999,25105732293.619999,0.003162,33.660246,2017-03-31,2017-04-27,40.946299,0.904364,58.362783,2.707474,7.884645
sz002470,2017-08-17,7.950000,7.950000,7.860000,7.890000,-0.003788,7263367.000000,57362683.970000,20345254368.689999,24853729961.939999,0.002817,33.322377,2017-03-31,2017-04-27,40.535295,0.895286,57.776958,2.680298,7.805502
sz002470,2017-08-16,8.000000,8.000000,7.890000,7.920000,-0.013699,9024288.000000,71516855.220000,20422612750.320000,24948230836.320000,0.003500,33.449078,2017-03-31,2017-04-27,40.689421,0.898690,57.996642,2.690489,7.835181
sz002470,2017-08-15,8.090000,8.110000,7.900000,8.030000,-0.007417,12587595.000000,100712238.140000,20706260149.630001,25294734042.380001,0.004882,33.913648,2017-03-31,2017-04-27,41.254552,0.911172,58.802151,2.727857,7.944003
sz002470,2017-08-14,7.870000,8.090000,7.830000,8.090000,0.030573,10810128.000000,86325407.430000,20860976912.889999,25483735791.139999,0.004192,34.167050,2017-03-31,2017-04-27,41.562805,0.917980,59.241520,2.748239,8.003360
sz002470,2017-08-11,7.920000,7.960000,7.800000,7.850000,-0.017522,10317039.000000,81163017.040000,20242109859.849998,24727728796.099998,0.004001,33.153442,2017-03-31,2017-04-27,40.329793,0.890747,57.484046,2.666709,7.765930
sz002470,2017-08-10,8.000000,8.110000,7.890000,7.990000,-0.001250,17047245.000000,135984400.490000,20603115640.790001,25168732876.540001,0.006611,33.744714,2017-03-31,2017-04-27,41.049050,0.906633,58.509239,2.714268,7.904431
sz002470,2017-08-09,8.040000,8.100000,7.970000,8.000000,-0.004975,6372515.000000,51150653.030000,20628901768.000000,25200233168.000000,0.002471,33.786947,2017-03-31,2017-04-27,41.100426,0.907768,58.582467,2.717666,7.914324
sz002470,2017-08-08,7.970000,8.100000,7.950000,8.040000,0.007519,8008922.000000,64477587.250000,20732046276.840000,25326234333.840000,0.003106,33.955882,2017-03-31,2017-04-27,41.305928,0.912307,58.875379,2.731254,7.953896
sz002470,2017-08-07,7.810000,8.000000,7.810000,7.980000,0.012690,11541811.000000,91209983.430000,20577329513.580002,25137232585.080002,0.004476,33.702480,2017-03-31,2017-04-27,40.997674,0.905499,58.436011,2.710871,7.894538
sz002470,2017-08-04,7.970000,8.100000,7.790000,7.880000,-0.011292,17076163.000000,136207310.890000,20319468241.480000,24822229670.480000,0.006622,33.280143,2017-03-31,2017-04-27,40.483919,0.894151,57.703730,2.676901,7.795609
sz002470,2017-08-03,7.990000,8.060000,7.920000,7.970000,-0.003750,13182494.000000,105443759.240000,20551543386.369999,25105732293.619999,0.005112,33.660246,2017-03-31,2017-04-27,40.946299,0.904364,58.362783,2.707474,7.884645
sz002470,2017-08-02,8.080000,8.120000,7.850000,8.000000,-0.009901,18527466.000000,148064044.590000,20628901768.000000,25200233168.000000,0.007185,33.786947,2017-03-31,2017-04-27,41.100426,0.907768,58.582467,2.717666,7.914324
sz002470,2017-08-01,8.120000,8.210000,7.920000,8.080000,-0.008589,17528419.000000,141726474.590000,20835190785.680000,25452235499.680000,0.006798,34.124817,2017-03-31,2017-04-27,41.511430,0.916846,59.168292,2.744842,7.993467
sz002470,2017-07-31,7.910000,8.210000,7.910000,8.150000,0.022585,13168069.000000,106954603.980000,21015693676.150002,25672737539.900002,0.005107,34.420452,2017-03-31,2017-04-27,41.871059,0.924789,59.680888,2.768622,8.062718
sz002470,2017-07-28,8.070000,8.150000,7.910000,7.970000,-0.011166,14794331.000000,118657979.060000,20551543386.369999,25105732293.619999,0.005737,33.660246,2017-03-31,2017-04-27,40.946299,0.904364,58.362783,2.707474,7.884645
sz002470,2017-07-27,7.850000,8.260000,7.820000,8.060000,0.022843,31338261.000000,253189638.680000,20783618531.259998,25389234916.759998,0.012153,34.040349,2017-03-31,2017-04-27,41.408679,0.914576,59.021836,2.738048,7.973681
sz002470,2017-07-26,7.950000,7.980000,7.810000,7.880000,-0.013767,12581235.000000,98999041.490000,20319468241.480000,24822229670.480000,0.004879,33.280143,2017-03-31,2017-04-27,40.483919,0.894151,57.703730,2.676901,7.795609
sz002470,2017-07-25,7.900000,8.040000,7.870000,7.990000,0.008838,16854128.000000,134481062.000000,20603115640.790001,25168732876.540001,0.006536,33.744714,2017-03-31,2017-04-27,41.049050,0.906633,58.509239,2.714268,7.904431
sz002470,2017-07-24,8.040000,8.110000,7.860000,7.920000,-0.010000,21018617.000000,166753302.520000,20422612750.320000,24948230836.320000,0.008151,33.449078,2017-03-31,2017-04-27,40.689421,0.898690,57.996642,2.690489,7.835181
sz002470,2017-07-21,7.850000,8.080000,7.760000,8.000000,0.023018,26872426.000000,214091148.080000,20628901768.000000,25200233168.000000,0.010421,33.786947,2017-03-31,2017-04-27,41.100426,0.907768,58.582467,2.717666,7.914324
sz002470,2017-07-20,7.700000,7.830000,7.700000,7.820000,0.007732,13727161.000000,107021273.350000,20164751478.220001,24633227921.720001,0.005323,33.026741,2017-03-31,2017-04-27,40.175666,0.887343,57.264362,2.656518,7.736252
sz002470,2017-07-19,7.600000,7.820000,7.580000,7.760000,0.014379,25236914.000000,195844672.770000,20010034714.959999,24444226172.959999,0.009787,32.773339,2017-03-31,2017-04-27,39.867413,0.880535,56.824993,2.636136,7.676894
sz002470,2017-07-18,7.400000,7.670000,7.350000,7.650000,0.033784,13863579.000000,104605333.820000,19726387315.650002,24097722966.900002,0.005376,32.308768,2017-03-31,2017-04-27,39.302282,0.868053,56.019484,2.598768,7.568072
sz002470,2017-07-17,7.550000,7.560000,7.370000,7.400000,-0.014647,13363977.000000,99661513.330000,19081734135.400002,23310215680.400002,0.005183,31.252926,2017-03-31,2017-04-27,38.017894,0.839685,54.188782,2.513841,7.320750
sz002470,2017-07-14,7.650000,7.670000,7.530000,7.610000,-0.005229,8596314.000000,65259866.480000,19623242806.810001,23971721801.060001,0.003334,31.717497,2017-03-31,2017-04-27,38.583024,0.852167,54.994291,2.551209,7.429572
sz002470,2017-07-13,7.520000,7.720000,7.480000,7.650000,0.018642,13565167.000000,103657769.240000,19726387315.650002,24097722966.900002,0.005261,31.884212,2017-03-31,2017-04-27,38.785826,0.856646,55.283354,2.564618,7.468623
sz002470,2017-07-12,7.510000,7.520000,7.380000,7.510000,-0.002656,6341896.000000,47444710.970000,19365381534.709999,23656718886.459999,0.002459,31.300710,2017-03-31,2017-04-27,38.076020,0.840969,54.271633,2.517684,7.331943
sz002470,2017-07-11,7.510000,7.590000,7.480000,7.530000,0.002663,9923354.000000,75062482.560000,19416953789.130001,23719719469.380001,0.003848,31.384067,2017-03-31,2017-04-27,38.177421,0.843209,54.416164,2.524389,7.351468
sz002470,2017-07-10,7.410000,7.550000,7.410000,7.510000,0.006702,8174667.000000,61395904.750000,19365381534.709999,23656718886.459999,0.003170,31.300710,2017-03-31,2017-04-27,38.076020,0.840969,54.271633,2.517684,7.331943
sz002470,2017-07-07,7.350000,7.460000,7.340000,7.460000,0.012212,7173026.000000,53173050.620000,20280589798.660000,23498956329.160000,0.002639,31.092316,2017-03-31,2017-04-27,37.822518,0.835370,53.910304,2.500922,7.283128
sz002470,2017-07-06,7.450000,7.500000,7.360000,7.370000,-0.013387,12418294.000000,92256727.040000,20035917803.770000,23215456856.020000,0.004568,30.717208,2017-03-31,2017-04-27,37.366214,0.825292,53.259911,2.470750,7.195262
sz002470,2017-07-05,7.430000,7.470000,7.380000,7.470000,0.004032,6446297.000000,47844323.910000,20307775575.869999,23530456270.619999,0.002371,31.133995,2017-03-31,2017-04-27,37.873219,0.836490,53.982569,2.504274,7.292891
sz002470,2017-07-04,7.520000,7.540000,7.440000,7.440000,-0.011952,9553540.000000,71553087.070000,20226218244.240002,23435956446.240002,0.003514,31.008959,2017-03-31,2017-04-27,37.721117,0.833131,53.765772,2.494217,7.263602
sz002470,2017-07-03,7.540000,7.560000,7.500000,7.530000,0.000000,6598920.000000,49652289.280000,20470890239.130001,23719455919.380001,0.002427,31.384067,2017-03-31,2017-04-27,38.177421,0.843209,54.416164,2.524389,7.351468
sz002470,2017-06-30,7.400000,7.530000,7.380000,7.530000,0.012097,10758965.000000,80695289.030000,20470890239.130001,23719455919.380001,0.003958,31.384067,2017-03-31,2017-04-27,38.177421,0.843209,54.416164,2.524389,7.351468
sz002470,2017-06-29,7.370000,7.450000,7.320000,7.440000,0.012245,7690775.000000,56922909.790000,20226218244.240002,23435956446.240002,0.002829,31.008959,2017-03-31,2017-04-27,37.721117,0.833131,53.765772,2.494217,7.263602
sz002470,2017-06-28,7.490000,7.490000,7.330000,7.350000,-0.018692,8432224.000000,62395132.920000,19981546249.349998,23152456973.099998,0.003102,30.633850,2017-03-31,2017-04-27,37.264813,0.823052,53.115380,2.464045,7.175736
sz002470,2017-06-27,7.510000,7.590000,7.480000,7.490000,-0.002663,10191827.000000,76609960.590000,20362147130.290001,23593456153.540001,0.003749,31.217352,2017-03-31,2017-04-27,37.974619,0.838730,54.127101,2.510979,7.312417
sz002470,2017-06-26,7.470000,7.550000,7.440000,7.510000,0.010767,17663629.000000,132613771.320000,20416518684.709999,23656456036.459999,0.006497,31.300710,2017-03-31,2017-04-27,38.076020,0.840969,54.271633,2.517684,7.331943
sz002470,2017-06-23,7.370000,7.460000,7.330000,7.430000,0.004054,8694500.000000,64150000.000000,20173000000.000000,23376000000.000000,0.003202,30.967280,2017-03-31,2017-04-27,37.670417,0.832011,53.693506,2.490865,7.253839
sz002470,2017-06-22,7.420000,7.500000,7.390000,7.400000,-0.002695,7961795.000000,59377518.200000,20117475135.400002,23309956680.400002,0.002929,30.842244,2017-03-31,2017-04-27,37.518316,0.828651,53.476709,2.480807,7.224551
sz002470,2017-06-21,7.440000,7.450000,7.380000,7.420000,0.002703,6867800.000000,50860000.000000,20146000000.000000,23345000000.000000,0.002529,30.925601,2017-03-31,2017-04-27,37.619716,0.830891,53.621240,2.487512,7.244076
sz002470,2017-06-20,7.330000,7.410000,7.300000,7.400000,0.009550,12437538.000000,91818048.760000,20117475135.400002,23309956680.400002,0.004575,30.842244,2017-03-31,2017-04-27,37.518316,0.828651,53.476709,2.480807,7.224551
sz002470,2017-06-19,7.290000,7.370000,7.230000,7.330000,0.005487,7171925.000000,52386059.250000,19927174694.930000,23089457090.180000,0.002638,30.550493,2017-03-31,2017-04-27,37.163413,0.820813,52.970848,2.457340,7.156210
sz002470,2017-06-16,7.350000,7.360000,7.260000,7.290000,-0.006812,5779131.000000,42223231.260000,19818431586.090000,22963457324.340000,0.002126,30.383778,2017-03-31,2017-04-27,36.960611,0.816334,52.681785,2.443930,7.117159
sz002470,2017-06-15,7.300000,7.360000,7.260000,7.340000,0.004104,8638767.000000,63183586.010000,19954360472.139999,23120957031.639999,0.003178,30.592172,2017-03-31,2017-04-27,37.214113,0.821933,53.043114,2.460693,7.165973
sz002470,2017-06-14,7.240000,7.320000,7.220000,7.310000,0.004121,7260857.000000,52961847.820000,19872803140.509998,23026457207.259998,0.002671,30.467135,2017-03-31,2017-04-27,37.062012,0.818573,52.826316,2.450635,7.136684
sz002470,2017-06-13,7.270000,7.320000,7.250000,7.280000,0.001376,6608219.000000,48160660.290000,19791245808.880001,22931957382.880001,0.002431,30.342099,2017-03-31,2017-04-27,36.909910,0.815214,52.609519,2.440578,7.107396
sz002470,2017-06-12,7.280000,7.340000,7.230000,7.270000,-0.004110,5429185.000000,39606973.590000,19764060031.669998,22900457441.419998,0.001997,30.300421,2017-03-31,2017-04-27,36.859210,0.814094,52.537253,2.437226,7.097633
sz002470,2017-06-09,7.320000,7.330000,7.230000,7.300000,-0.001368,5987966.000000,43588840.060000,19845617363.299999,22994957265.799999,0.002203,30.425457,2017-03-31,2017-04-27,37.011311,0.817453,52.754050,2.447283,7.126922
sz002470,2017-06-08,7.160000,7.340000,7.160000,7.310000,0.022378,14142800.000000,102800000.000000,19848000000.000000,22999000000.000000,0.005209,30.467135,2017-03-31,2017-04-27,37.062012,0.818573,52.826316,2.450635,7.136684
sz002470,2017-06-07,7.090000,7.180000,7.080000,7.150000,0.009887,7100834.000000,50659151.680000,19437830705.150002,22522458143.900002,0.002612,29.800276,2017-03-31,2017-04-27,36.250805,0.800656,51.670063,2.396996,6.980478
sz002470,2017-06-06,7.030000,7.090000,7.010000,7.080000,0.004255,4868886.000000,34315945.910000,19247530264.680000,22301958553.680000,0.001791,29.508525,2017-03-31,2017-04-27,35.895902,0.792818,51.164202,2.373529,6.912138
sz002470,2017-06-05,7.070000,7.080000,7.010000,7.050000,-0.001416,6272318.000000,44249889.730000,19165972933.049999,22207458729.299999,0.002307,29.383489,2017-03-31,2017-04-27,35.743801,0.789458,50.947405,2.363472,6.882849
sz002470,2017-06-02,6.970000,7.080000,6.920000,7.060000,0.012912,7052310.000000,49407474.130000,19193158710.259998,22238958670.759998,0.002594,29.425168,2017-03-31,2017-04-27,35.794501,0.790578,51.019671,2.366824,6.892612
sz002470,2017-06-01,6.910000,7.030000,6.910000,6.970000,0.008683,7241546.000000,50607767.120000,18948486715.369999,21955459197.619999,0.002664,29.050059,2017-03-31,2017-04-27,35.338197,0.780500,50.369278,2.336652,6.804746
sz002470,2017-05-31,7.010000,7.070000,6.900000,6.910000,-0.004323,7015862.000000,48985332.530000,18785372052.110001,21766459548.860001,0.002581,28.799987,2017-03-31,2017-04-27,35.033995,0.773781,49.935683,2.316538,6.746168
sz002470,2017-05-26,6.950000,7.050000,6.930000,6.940000,-0.007153,5324473.000000,37161229.930000,18866929383.740002,21860959373.240002,0.001959,28.925023,2017-03-31,2017-04-27,35.186096,0.777141,50.152481,2.326595,6.775457
sz002470,2017-05-25,6.820000,7.040000,6.820000,6.990000,0.015988,9733997.000000,67739046.490000,19002858269.790001,22018459080.540001,0.003581,29.133417,2017-03-31,2017-04-27,35.439598,0.782740,50.513810,2.343357,6.824271
sz002470,2017-05-24,6.830000,6.910000,6.760000,6.880000,0.004380,4563038.000000,31268943.480000,18703814720.480000,21671959724.480000,0.001678,28.674951,2017-03-31,2017-04-27,34.881893,0.770422,49.718886,2.306480,6.716879
sz002470,2017-05-23,6.960000,7.030000,6.740000,6.850000,-0.015805,9296963.000000,64427619.020000,18622257388.849998,21577459900.099998,0.003420,28.549915,2017-03-31,2017-04-27,34.729792,0.767062,49.502088,2.296423,6.687591
sz002470,2017-05-22,7.050000,7.120000,6.930000,6.960000,-0.016949,4213111.000000,29625352.580000,18921300938.160000,21923959256.160000,0.001550,29.008381,2017-03-31,2017-04-27,35.287497,0.779380,50.297013,2.333300,6.794983
sz002470,2017-05-19,7.080000,7.110000,7.040000,7.080000,-0.001410,8222286.000000,58161244.190000,19247530264.680000,22301958553.680000,0.003024,29.508525,2017-03-31,2017-04-27,35.895902,0.792818,51.164202,2.373529,6.912138
sz002470,2017-05-18,7.030000,7.110000,7.000000,7.090000,0.004249,6551805.000000,46345147.630000,19274716041.889999,22333458495.139999,0.002410,29.550204,2017-03-31,2017-04-27,35.946602,0.793938,51.236468,2.376882,6.921900
sz002470,2017-05-17,7.000000,7.160000,7.000000,7.060000,0.001418,8659266.000000,61344093.100000,19193158710.259998,22238958670.759998,0.003185,29.425168,2017-03-31,2017-04-27,35.794501,0.790578,51.019671,2.366824,6.892612
sz002470,2017-05-16,6.880000,7.050000,6.820000,7.050000,0.023222,8144790.000000,56594367.160000,19165972933.049999,22207458729.299999,0.002996,29.383489,2017-03-31,2017-04-27,35.743801,0.789458,50.947405,2.363472,6.882849
sz002470,2017-05-15,6.860000,6.900000,6.800000,6.890000,0.004373,6649515.000000,45461815.220000,18731000497.689999,21703459665.939999,0.002446,28.716630,2017-03-31,2017-04-27,34.932594,0.771542,49.791152,2.309833,6.726642
sz002470,2017-05-12,6.810000,6.900000,6.740000,6.860000,0.001460,6029624.000000,41122935.350000,18649443166.060001,21608959841.560001,0.002218,28.591594,2017-03-31,2017-04-27,34.780493,0.768182,49.574354,2.299775,6.697354
sz002470,2017-05-11,6.800000,6.880000,6.660000,6.850000,-0.002911,14157649.000000,95579325.320000,18622257388.849998,21577459900.099998,0.005208,28.549915,2017-03-31,2017-04-27,34.729792,0.767062,49.502088,2.296423,6.687591
sz002470,2017-05-10,7.060000,7.110000,6.860000,6.870000,-0.026912,9242359.000000,64562911.740000,18676628943.270000,21640459783.020000,0.003400,28.633272,2017-03-31,2017-04-27,34.831193,0.769302,49.646620,2.303128,6.707117
sz002470,2017-05-09,7.100000,7.120000,6.990000,7.060000,-0.005634,6445912.000000,45384765.450000,19193158710.259998,22238958670.759998,0.002371,29.425168,2017-03-31,2017-04-27,35.794501,0.790578,51.019671,2.366824,6.892612
sz002470,2017-05-08,7.130000,7.190000,7.090000,7.100000,-0.005602,4678856.000000,33378576.470000,19301901819.099998,22364958436.599998,0.001721,29.591883,2017-03-31,2017-04-27,35.997303,0.795057,51.308734,2.380234,6.931663
sz002470,2017-05-05,7.230000,7.240000,7.120000,7.140000,-0.012448,5323888.000000,38173766.890000,19410644927.939999,22490958202.439999,0.001958,29.758597,2017-03-31,2017-04-27,36.200104,0.799537,51.597797,2.393644,6.970715
sz002470,2017-05-04,7.180000,7.260000,7.160000,7.230000,0.006964,4313165.000000,31154062.840000,19655316922.830002,22774457675.580002,0.001587,30.133706,2017-03-31,2017-04-27,36.656408,0.809615,52.248190,2.423816,7.058581
sz002470,2017-05-03,7.230000,7.270000,7.150000,7.180000,-0.008287,7754198.000000,55804183.250000,19519388036.779999,22616957968.279999,0.002852,29.925312,2017-03-31,2017-04-27,36.402906,0.804016,51.886861,2.407054,7.009767
sz002470,2017-05-02,7.390000,7.450000,7.240000,7.240000,-0.022942,9668131.000000,70770441.260000,19682502700.040001,22805957617.040001,0.003556,30.175385,2017-03-31,2017-04-27,36.707109,0.810735,52.320456,2.427168,7.068344
sz002470,2017-04-28,7.340000,7.480000,7.320000,7.410000,0.008163,5818535.000000,43140953.350000,20144660912.610001,23341456621.860001,0.002140,30.883923,2017-03-31,2017-04-27,37.569016,0.829771,53.548975,2.484160,7.234313
sz002470,2017-04-27,7.490000,7.490000,7.290000,7.350000,-0.018692,12090218.000000,89109612.660000,19981546249.349998,23152456973.099998,0.004447,30.633850,2017-03-31,2017-04-27,37.264813,0.823052,53.115380,2.464045,7.175736
sz002470,2017-04-26,7.500000,7.550000,7.460000,7.490000,-0.001333,10594456.000000,79694219.560000,20362147130.290001,23593456153.540001,0.003897,31.217352,2016-12-31,2017-04-25,23.174505,0.838730,2496.666667,2.630655,7.312417
sz002470,2017-04-25,7.430000,7.510000,7.370000,7.500000,0.008065,14523159.000000,107942952.820000,20389332907.500000,23624956095.000000,0.005342,31.259031,2016-12-31,2017-04-25,23.205446,0.839849,2500.000000,2.634167,7.322180
sz002470,2017-04-24,7.460000,7.460000,7.340000,7.440000,0.001346,9771122.000000,72277492.460000,20200635060.240002,23407862254.799999,0.003599,31.008959,2016-09-30,2016-10-26,20.367937,0.833131,1935.483871,2.576266,7.263602
sz002470,2017-04-21,7.240000,7.460000,7.220000,7.430000,0.027663,12816745.000000,94233065.690000,20173483669.029999,23376400074.349998,0.004720,30.967280,2016-09-30,2016-10-26,20.340561,0.832011,1932.882414,2.572804,7.253839
sz002470,2017-04-20,7.320000,7.340000,7.180000,7.230000,-0.012295,8147750.000000,58949316.260000,19630455844.830002,22747156465.349998,0.003001,30.133706,2016-09-30,2016-10-26,19.793035,0.809615,1880.853278,2.503549,7.058581
sz002470,2017-04-19,7.350000,7.370000,7.100000,7.320000,-0.006784,14286003.000000,103654990.050000,19874818365.720001,23030316089.400002,0.005262,30.508814,2016-09-30,2016-10-26,20.039422,0.819693,1904.266389,2.534714,7.146447
sz002470,2017-04-18,7.400000,7.450000,7.350000,7.370000,-0.001355,8710801.000000,64421933.960000,20010575321.770000,23187626991.650002,0.003208,30.717208,2016-09-30,2016-10-26,20.176303,0.825292,1917.273673,2.552027,7.195262
sz002470,2017-04-17,7.320000,7.430000,7.310000,7.380000,0.002717,13171307.000000,97331590.960000,20037726712.980000,23219089172.099998,0.004851,30.758886,2016-09-30,2016-10-26,20.203679,0.826412,1919.875130,2.555490,7.205025
sz002470,2017-04-14,7.340000,7.380000,7.300000,7.360000,0.000000,10326820.000000,75794306.080000,19983423930.560001,23156164811.200001,0.003803,30.675529,2016-09-30,2016-10-26,20.148927,0.824172,1914.672216,2.548565,7.185499
sz002470,2017-04-13,7.310000,7.390000,7.300000,7.360000,0.006840,8883633.000000,65226057.890000,19983423930.560001,23156164811.200001,0.003272,30.675529,2016-09-30,2016-10-26,20.148927,0.824172,1914.672216,2.548565,7.185499
sz002470,2017-04-12,7.370000,7.400000,7.300000,7.310000,-0.006793,12391099.000000,91105826.740000,19847666974.509998,22998853908.950001,0.004564,30.467135,2016-09-30,2016-10-26,20.012046,0.818573,1901.664932,2.531251,7.136684
sz002470,2017-04-11,7.360000,7.380000,7.310000,7.360000,0.000000,8457590.000000,62060301.750000,19983423930.560001,23156164811.200001,0.003115,30.675529,2016-09-30,2016-10-26,20.148927,0.824172,1914.672216,2.548565,7.185499
sz002470,2017-04-10,7.400000,7.400000,7.320000,7.360000,-0.002710,12234898.000000,89947397.900000,19983423930.560001,23156164811.200001,0.004506,30.675529,2016-09-30,2016-10-26,20.148927,0.824172,1914.672216,2.548565,7.185499
sz002470,2017-04-07,7.360000,7.410000,7.290000,7.380000,0.002717,15058370.000000,110710532.770000,20037726712.980000,23219089172.099998,0.005546,30.758886,2016-09-30,2016-10-26,20.203679,0.826412,1919.875130,2.555490,7.205025
sz002470,2017-04-06,7.280000,7.360000,7.260000,7.360000,0.008219,8359122.000000,61137795.890000,19983423930.560001,23156164811.200001,0.003079,30.675529,2016-09-30,2016-10-26,20.148927,0.824172,1914.672216,2.548565,7.185499
sz002470,2017-04-05,7.200000,7.310000,7.170000,7.300000,0.011080,15424944.000000,112064962.190000,19820515583.299999,22967391728.500000,0.005681,30.425457,2016-09-30,2016-10-26,19.984669,0.817453,1899.063476,2.527788,7.126922
sz002470,2017-03-31,7.170000,7.240000,7.140000,7.220000,0.005571,10102455.000000,72627220.590000,19603304453.619999,22715694284.900002,0.003721,30.092027,2016-09-30,2016-10-26,19.765659,0.808495,1878.251821,2.500087,7.048818
sz002470,2017-03-30,7.250000,7.250000,7.100000,7.180000,-0.011019,19435399.000000,138815634.750000,19494698888.779999,22589845563.099998,0.007158,29.925312,2016-09-30,2016-10-26,19.656154,0.804016,1867.845994,2.486236,7.009767
sz002470,2017-03-29,7.330000,7.360000,7.220000,7.260000,-0.010899,11628998.000000,84521464.430000,19711910018.459999,22841543006.700001,0.004283,30.258742,2016-09-30,2016-10-26,19.875164,0.812974,1888.657648,2.513937,7.087870
sz002470,2017-03-28,7.350000,7.380000,7.320000,7.340000,0.002732,10508116.000000,77295361.540000,19929121148.139999,23093240450.299999,0.003870,30.592172,2016-09-30,2016-10-26,20.094174,0.821933,1909.469303,2.541639,7.165973
sz002470,2017-03-27,7.360000,7.430000,7.310000,7.320000,-0.010811,13847657.000000,102059310.670000,19874818365.720001,23030316089.400002,0.005100,30.508814,2016-09-30,2016-10-26,20.039422,0.819693,1904.266389,2.534714,7.146447
sz002470,2017-03-24,7.320000,7.400000,7.300000,7.400000,0.012312,10254334.000000,75388210.690000,20092029495.400002,23282013533.000000,0.003777,30.842244,2016-09-30,2016-10-26,20.258432,0.828651,1925.078044,2.562416,7.224551
sz002470,2017-03-23,7.290000,7.390000,7.270000,7.310000,0.002743,12028869.000000,88247401.920000,19847666974.509998,22998853908.950001,0.004430,30.467135,2016-09-30,2016-10-26,20.012046,0.818573,1901.664932,2.531251,7.136684
sz002470,2017-03-22,7.350000,7.370000,7.280000,7.290000,-0.010855,16136530.000000,117935107.630000,19793364192.090000,22935929548.049999,0.005943,30.383778,2016-09-30,2016-10-26,19.957293,0.816334,1896.462019,2.524326,7.117159
sz002470,2017-03-21,7.430000,7.430000,7.350000,7.370000,-0.006739,13403595.000000,98810638.920000,20010575321.770000,23187626991.650002,0.004937,30.717208,2016-09-30,2016-10-26,20.176303,0.825292,1917.273673,2.552027,7.195262
sz002470,2017-03-20,7.440000,7.460000,7.360000,7.420000,-0.004027,14846387.000000,109912469.040000,20146332277.820000,23344937893.900002,0.005468,30.925601,2016-09-30,2016-10-26,20.313184,0.830891,1930.280957,2.569341,7.244076
sz002470,2017-03-17,7.540000,7.550000,7.430000,7.450000,-0.010624,11763834.000000,88236698.430000,20227786451.450001,23439324435.250000,0.004333,31.050637,2016-09-30,2016-10-26,20.395313,0.834250,1938.085328,2.579729,7.273365
sz002470,2017-03-16,7.500000,7.540000,7.490000,7.530000,0.004000,13336510.000000,100132230.920000,20444997581.130001,23691021878.849998,0.004912,31.384067,2016-09-30,2016-10-26,20.614323,0.843209,1958.896982,2.607431,7.351468
sz002470,2017-03-15,7.500000,7.570000,7.450000,7.500000,-0.003984,8944020.000000,67035462.300000,20363543407.500000,23596635337.500000,0.003294,31.259031,2016-09-30,2016-10-26,20.532194,0.839849,1951.092612,2.597043,7.322180
sz002470,2017-03-14,7.460000,7.570000,7.460000,7.530000,0.009383,14170852.000000,106821149.720000,20444997581.130001,23691021878.849998,0.005219,31.384067,2016-09-30,2016-10-26,20.614323,0.843209,1958.896982,2.607431,7.351468
sz002470,2017-03-13,7.410000,7.480000,7.390000,7.460000,0.001342,8121435.000000,60457849.960000,20254937842.660000,23470786615.700001,0.002991,31.092316,2016-09-30,2016-10-26,20.422689,0.835370,1940.686785,2.583192,7.283128
sz002470,2017-03-10,7.450000,7.460000,7.400000,7.450000,-0.001340,9966178.000000,74060404.020000,20227786451.450001,23439324435.250000,0.003671,31.050637,2016-09-30,2016-10-26,20.395313,0.834250,1938.085328,2.579729,7.273365
sz002470,2017-03-09,7.570000,7.590000,7.420000,7.460000,-0.013228,15069167.000000,112671053.170000,20254937842.660000,23470786615.700001,0.005550,31.092316,2016-09-30,2016-10-26,20.422689,0.835370,1940.686785,2.583192,7.283128
sz002470,2017-03-08,7.600000,7.630000,7.550000,7.560000,-0.006570,9247528.000000,70156773.300000,20526451754.759998,23785408420.200001,0.003406,31.509103,2016-09-30,2016-10-26,20.696452,0.846568,1966.701353,2.617819,7.380757
sz002470,2017-03-07,7.630000,7.660000,7.560000,7.610000,-0.001312,12239663.000000,93068283.730000,20662208710.810001,23942719322.450001,0.004508,31.717497,2016-09-30,2016-10-26,20.833333,0.852167,1979.708637,2.635133,7.429572
sz002470,2017-03-06,7.600000,7.630000,7.550000,7.620000,0.003953,12480959.000000,94798087.270000,20689360102.020000,23974181502.900002,0.004597,31.759175,2016-09-30,2016-10-26,20.860710,0.853287,1982.310094,2.638596,7.439335
sz002470,2017-03-03,7.530000,7.620000,7.510000,7.590000,0.002642,11727822.000000,88736226.230000,20607905928.389999,23879794961.549999,0.004319,31.634139,2016-09-30,2016-10-26,20.778581,0.849928,1974.505723,2.628207,7.410046
sz002470,2017-03-02,7.670000,7.680000,7.550000,7.570000,-0.007864,14530012.000000,110410710.980000,20553603145.970001,23816870600.650002,0.005351,31.550782,2016-09-30,2016-10-26,20.723828,0.847688,1969.302810,2.621282,7.390520
sz002470,2017-03-01,7.660000,7.730000,7.610000,7.630000,-0.010376,17667050.000000,135500206.950000,20716511493.230000,24005643683.349998,0.006507,31.800854,2016-09-30,2016-10-26,20.888086,0.854407,1984.911550,2.642058,7.449097
sz002470,2017-02-28,7.710000,7.760000,7.520000,7.710000,-0.003876,30301276.000000,231070896.690000,20896343687.099998,24217360073.849998,0.011180,32.134284,2016-09-30,2016-10-26,21.107096,0.863365,2005.723205,2.669760,7.527201
sz002470,2017-02-27,7.940000,7.940000,7.700000,7.740000,-0.026415,18160753.000000,141837114.870000,20977652417.400002,24311591046.900002,0.006701,32.259320,2016-09-30,2016-10-26,21.189225,0.866725,2013.527575,2.680148,7.556489
sz002470,2017-02-24,7.930000,8.040000,7.840000,7.950000,0.001259,16600204.000000,131540746.890000,21546813529.500000,24971207858.250000,0.006125,33.134573,2016-09-30,2016-10-26,21.764126,0.890240,2068.158169,2.752865,7.761510
sz002470,2017-02-23,7.850000,7.960000,7.810000,7.940000,0.006337,19455245.000000,153193538.640000,21519710619.400002,24939797533.900002,0.007178,33.092894,2016-09-30,2016-10-26,21.736750,0.889121,2065.556712,2.749403,7.751748
sz002470,2017-02-22,7.830000,7.970000,7.770000,7.890000,0.007663,23299552.000000,183764956.310000,21384196068.900002,24782745912.150002,0.008597,32.884501,2016-09-30,2016-10-26,21.599869,0.883522,2052.549428,2.732089,7.702933
sz002470,2017-02-21,7.770000,7.830000,7.700000,7.830000,0.009021,17423658.000000,135488017.070000,21221578608.299999,24594283966.049999,0.006429,32.634428,2016-09-30,2016-10-26,21.435611,0.876803,2036.940687,2.711313,7.644356
sz002470,2017-02-20,7.590000,7.790000,7.590000,7.760000,0.022398,19007423.000000,146479105.490000,21031858237.599998,24374411695.599998,0.007013,32.342677,2016-09-30,2016-10-26,21.243977,0.868964,2018.730489,2.687074,7.576015
sz002470,2017-02-17,7.640000,7.650000,7.570000,7.590000,-0.006545,11697541.000000,88893941.760000,20571108765.900002,23840436181.650002,0.004316,31.634139,2016-09-30,2016-10-26,20.778581,0.849928,1974.505723,2.628207,7.410046
sz002470,2017-02-16,7.620000,7.690000,7.590000,7.640000,0.000000,15094151.000000,115117145.690000,20706623316.400002,23997487803.400002,0.005569,31.842533,2016-09-30,2016-10-26,20.915462,0.855527,1987.513007,2.645521,7.458860
sz002470,2017-02-15,7.540000,7.700000,7.510000,7.640000,0.014608,28917800.000000,220660000.000000,20697000000.000000,23988000000.000000,0.010675,31.842533,2016-09-30,2016-10-26,20.915462,0.855527,1987.513007,2.645521,7.458860
sz002470,2017-02-14,7.570000,7.590000,7.490000,7.530000,-0.003968,13728646.000000,103296488.550000,20408491305.299999,23651974235.549999,0.005065,31.384067,2016-09-30,2016-10-26,20.614323,0.843209,1958.896982,2.607431,7.351468
sz002470,2017-02-13,7.490000,7.560000,7.470000,7.560000,0.008000,22036009.000000,165717047.180000,20489800035.599998,23746205208.599998,0.008130,31.509103,2016-09-30,2016-10-26,20.696452,0.846568,1966.701353,2.617819,7.380757
sz002470,2017-02-10,7.460000,7.520000,7.440000,7.500000,0.005362,16835660.000000,125652974.590000,20327182575.000000,23557743262.500000,0.006212,31.259031,2016-09-30,2016-10-26,20.532194,0.839849,1951.092612,2.597043,7.322180
sz002470,2017-02-09,7.460000,7.470000,7.410000,7.460000,0.000000,16035222.000000,119381893.800000,20218770934.599998,23432101965.099998,0.005916,31.092316,2016-09-30,2016-10-26,20.422689,0.835370,1940.686785,2.583192,7.283128
sz002470,2017-02-08,7.490000,7.500000,7.370000,7.460000,-0.004005,16408036.000000,121699604.020000,20218770934.599998,23432101965.099998,0.006054,31.092316,2016-09-30,2016-10-26,20.422689,0.835370,1940.686785,2.583192,7.283128
sz002470,2017-02-07,7.520000,7.530000,7.440000,7.490000,-0.003989,9214651.000000,68955943.210000,20300079664.900002,23526332938.150002,0.003400,31.217352,2016-09-30,2016-10-26,20.504818,0.838730,1948.491155,2.593580,7.312417
sz002470,2017-02-06,7.430000,7.560000,7.430000,7.520000,0.013477,14361326.000000,107501874.530000,20381388395.200001,23620563911.200001,0.005299,31.342388,2016-09-30,2016-10-26,20.586947,0.842089,1956.295525,2.603968,7.341705
sz002470,2017-02-03,7.470000,7.490000,7.380000,7.420000,-0.006693,5745862.000000,42653873.360000,20110359294.200001,23306460667.700001,0.002120,30.925601,2016-09-30,2016-10-26,20.313184,0.830891,1930.280957,2.569341,7.244076
sz002470,2017-01-26,7.460000,7.560000,7.430000,7.470000,-0.001337,7089767.000000,53135327.490000,20245873844.700001,23463512289.450001,0.002616,31.133995,2016-09-30,2016-10-26,20.450066,0.836490,1943.288241,2.586655,7.292891
sz002470,2017-01-25,7.460000,7.510000,7.430000,7.480000,-0.002667,4480373.000000,33457038.990000,20272976754.799999,23494922613.799999,0.001653,31.175674,2016-09-30,2016-10-26,20.477442,0.837610,1945.889698,2.590117,7.302654
sz002470,2017-01-24,7.470000,7.520000,7.430000,7.500000,0.006711,11099556.000000,83042003.480000,20327182575.000000,23557743262.500000,0.004095,31.259031,2016-09-30,2016-10-26,20.532194,0.839849,1951.092612,2.597043,7.322180
sz002470,2017-01-23,7.390000,7.540000,7.380000,7.450000,0.008119,8968978.000000,66981894.720000,20191668024.500000,23400691640.750000,0.003309,31.050637,2016-09-30,2016-10-26,20.395313,0.834250,1938.085328,2.579729,7.273365
sz002470,2017-01-20,7.310000,7.430000,7.300000,7.390000,0.008186,6173717.000000,45625678.570000,20029050563.900002,23212229694.650002,0.002278,30.800565,2016-09-30,2016-10-26,20.231056,0.827532,1922.476587,2.558953,7.214788
sz002470,2017-01-19,7.360000,7.360000,7.270000,7.330000,-0.002721,5942512.000000,43420124.470000,19866433103.299999,23023767748.549999,0.002193,30.550493,2016-09-30,2016-10-26,20.066798,0.820813,1906.867846,2.538177,7.156210
sz002470,2017-01-18,7.370000,7.370000,7.310000,7.350000,0.002729,4283091.000000,31431243.200000,19920638923.500000,23086588397.250000,0.001580,30.633850,2016-09-30,2016-10-26,20.121551,0.823052,1912.070760,2.545102,7.175736
sz002470,2017-01-17,7.300000,7.390000,7.250000,7.330000,0.002736,9169830.000000,67157748.710000,19866433103.299999,23023767748.549999,0.003383,30.550493,2016-09-30,2016-10-26,20.066798,0.820813,1906.867846,2.538177,7.156210
sz002470,2017-01-16,7.550000,7.560000,6.940000,7.310000,-0.029216,16660467.000000,122218380.350000,19812227283.099998,22960947099.849998,0.006147,30.467135,2016-09-30,2016-10-26,20.012046,0.818573,1901.664932,2.531251,7.136684
sz002470,2017-01-13,7.530000,7.580000,7.510000,7.530000,-0.001326,10032628.000000,75687631.030000,20408491305.299999,23651974235.549999,0.003702,31.384067,2016-09-30,2016-10-26,20.614323,0.843209,1958.896982,2.607431,7.351468
sz002470,2017-01-12,7.800000,7.810000,7.510000,7.540000,-0.034571,25252283.000000,192604334.410000,20435594215.400002,23683384559.900002,0.009317,31.425746,2016-09-30,2016-10-26,20.641700,0.844329,1961.498439,2.610894,7.361231
sz002470,2017-01-11,7.920000,7.930000,7.780000,7.810000,-0.012642,13570461.000000,106518552.000000,21167372788.099998,24531463317.349998,0.005007,32.551071,2016-09-30,2016-10-26,21.380859,0.874563,2031.737773,2.704387,7.624830
sz002470,2017-01-10,7.940000,7.990000,7.860000,7.910000,-0.002522,12797310.000000,101363835.280000,21438401889.099998,24845566560.849998,0.004722,32.967858,2016-09-30,2016-10-26,21.654621,0.885761,2057.752341,2.739015,7.722459
sz002470,2017-01-09,7.880000,7.990000,7.860000,7.930000,0.005070,14563635.000000,115206333.340000,21492607709.299999,24908387209.549999,0.005373,33.051215,2016-09-30,2016-10-26,21.709374,0.888001,2062.955255,2.745940,7.741985
sz002470,2017-01-06,7.960000,7.990000,7.860000,7.890000,-0.010038,16404596.000000,129863966.330000,21384196068.900002,24782745912.150002,0.006053,32.884501,2016-09-30,2016-10-26,21.599869,0.883522,2052.549428,2.732089,7.702933
sz002470,2017-01-05,8.050000,8.050000,7.950000,7.970000,-0.011166,14679648.000000,117246437.640000,21601019349.700001,25034028506.950001,0.005416,33.217930,2016-09-30,2016-10-26,21.818879,0.892480,2073.361082,2.759791,7.781036
sz002470,2017-01-04,7.910000,8.070000,7.890000,8.060000,0.021546,23905850.000000,190670091.550000,21844945540.599998,25316721426.099998,0.008820,33.593039,2016-09-30,2016-10-26,22.065265,0.902558,2096.774194,2.790955,7.868902
sz002470,2017-01-03,7.910000,8.010000,7.860000,7.890000,-0.001266,18116200.000000,143707540.450000,21384196068.900002,24782745912.150002,0.006684,32.884501,2016-09-30,2016-10-26,21.599869,0.883522,2052.549428,2.732089,7.702933
sz002470,2016-12-30,8.050000,8.100000,7.890000,7.900000,-0.019851,18306498.000000,145889525.250000,21411298979.000000,24814156236.500000,0.006754,32.926179,2016-09-30,2016-10-26,21.627245,0.884641,2055.150884,2.735552,7.712696
sz002470,2016-12-29,8.080000,8.160000,8.030000,8.060000,-0.004938,15510153.000000,125678226.540000,21844945540.599998,25316721426.099998,0.005723,33.593039,2016-09-30,2016-10-26,22.065265,0.902558,2096.774194,2.790955,7.868902
sz002470,2016-12-28,8.140000,8.180000,8.010000,8.100000,-0.004914,20611912.000000,166905485.170000,21953357181.000000,25442362723.500000,0.007605,33.759753,2016-09-30,2016-10-26,22.174770,0.907037,2107.180021,2.804806,7.907954
sz002470,2016-12-27,8.210000,8.250000,8.140000,8.140000,-0.009732,11701143.000000,95767123.920000,22061768821.400002,25568004020.900002,0.004317,33.926468,2016-09-30,2016-10-26,22.284275,0.911516,2117.585848,2.818657,7.947006
sz002470,2016-12-26,8.210000,8.260000,8.060000,8.220000,-0.006046,18685323.000000,152482343.130000,22278592102.200001,25819286615.700001,0.006894,34.259898,2016-09-30,2016-10-26,22.503285,0.920475,2138.397503,2.846359,8.025109
sz002470,2016-12-23,8.340000,8.440000,8.210000,8.270000,-0.011947,24735026.000000,206101306.950000,22414106652.700001,25976338237.450001,0.009126,34.468291,2016-09-30,2016-10-26,22.640166,0.926074,2151.404787,2.863673,8.073923
sz002470,2016-12-22,8.190000,8.410000,8.110000,8.370000,0.021978,33803144.000000,280405037.360000,22685135753.700001,26290441480.950001,0.012472,34.885079,2016-09-30,2016-10-26,22.913929,0.937272,2177.419355,2.898300,8.171552
sz002470,2016-12-21,8.210000,8.320000,8.130000,8.190000,0.003676,24058435.000000,197418784.300000,22197283371.900002,25725055642.650002,0.008877,34.134862,2016-09-30,2016-10-26,22.421156,0.917115,2130.593132,2.835971,7.995820
sz002470,2016-12-20,8.300000,8.320000,8.140000,8.160000,-0.025090,28139759.000000,230810404.520000,22115974641.599998,25630824669.599998,0.010383,34.009826,2016-09-30,2016-10-26,22.339028,0.913756,2122.788762,2.825583,7.966531
sz002470,2016-12-19,8.320000,8.520000,8.320000,8.370000,0.009650,46059330.000000,387662230.430000,22685135753.700001,26290441480.950001,0.016994,34.885079,2016-09-30,2016-10-26,22.913929,0.937272,2177.419355,2.898300,8.171552
sz002470,2016-12-16,8.340000,8.380000,8.210000,8.290000,-0.008373,39860895.000000,330715736.440000,22468312472.900002,26039158886.150002,0.014707,34.551649,2016-09-30,2016-10-26,22.694919,0.928313,2156.607700,2.870598,8.093449
sz002470,2016-12-15,8.330000,8.420000,8.250000,8.360000,-0.010651,44125600.000000,367248583.140000,22658032843.599998,26259031156.599998,0.016281,34.843400,2016-09-30,2016-10-26,22.886553,0.936152,2174.817898,2.894837,8.161790
sz002470,2016-12-14,8.060000,8.570000,8.040000,8.450000,0.041924,88442418.000000,738871255.510000,22901959034.500000,26541724075.750000,0.032632,35.218508,2016-09-30,2016-10-26,23.132939,0.946230,2198.231009,2.926002,8.249656
sz002470,2016-12-13,7.790000,8.160000,7.760000,8.110000,0.041078,49315402.000000,394889338.100000,21980460091.099998,25473773047.849998,0.018196,33.801432,2016-09-30,2016-10-26,22.202146,0.908157,2109.781478,2.808269,7.917717
sz002470,2016-12-12,8.030000,8.090000,7.760000,7.790000,-0.023810,32085018.000000,253566766.340000,21113166967.900002,24468642668.650002,0.011838,32.467713,2016-09-30,2016-10-26,21.326106,0.872324,2026.534860,2.697462,7.605304
sz002470,2016-12-09,7.810000,8.040000,7.780000,7.980000,0.024390,36219424.000000,288129028.970000,21628122259.799999,25065438831.299999,0.013364,33.259609,2016-09-30,2016-10-26,21.846255,0.893600,2075.962539,2.763254,7.790799
sz002470,2016-12-08,7.810000,7.860000,7.760000,7.790000,0.000000,9625516.000000,75201572.220000,21113166967.900002,24468642668.650002,0.003551,32.467713,2016-09-30,2016-10-26,21.326106,0.872324,2026.534860,2.697462,7.605304
sz002470,2016-12-07,7.780000,7.790000,7.720000,7.790000,0.005161,7947813.000000,61588712.550000,21113166967.900002,24468642668.650002,0.002932,32.467713,2016-09-30,2016-10-26,21.326106,0.872324,2026.534860,2.697462,7.605304
sz002470,2016-12-06,7.740000,7.800000,7.710000,7.750000,0.005188,8801091.000000,68314287.470000,21004755327.500000,24343001371.250000,0.003247,32.300999,2016-09-30,2016-10-26,21.216601,0.867844,2016.129032,2.683611,7.566252
sz002470,2016-12-05,7.630000,7.800000,7.600000,7.710000,0.001299,11163930.000000,86410569.640000,20896343687.099998,24217360073.849998,0.004119,32.134284,2016-09-30,2016-10-26,21.107096,0.863365,2005.723205,2.669760,7.527201
sz002470,2016-12-02,7.890000,7.890000,7.690000,7.700000,-0.019108,11672219.000000,90640198.580000,20869240777.000000,24185949749.500000,0.004307,32.092605,2016-09-30,2016-10-26,21.079720,0.862245,2003.121748,2.666297,7.517438
sz002470,2016-12-01,7.810000,7.860000,7.760000,7.850000,0.002554,10528407.000000,82321905.880000,21275784428.500000,24657104614.750000,0.003885,32.717786,2016-09-30,2016-10-26,21.490364,0.879042,2042.143600,2.718238,7.663881
sz002470,2016-11-30,7.780000,7.870000,7.750000,7.830000,0.003846,13280535.000000,103635575.480000,21221578608.299999,24594283966.049999,0.004900,32.634428,2016-09-30,2016-10-26,21.435611,0.876803,2036.940687,2.711313,7.644356
sz002470,2016-11-29,7.920000,7.940000,7.770000,7.800000,-0.015152,20101885.000000,158082367.010000,21140269878.000000,24500052993.000000,0.007417,32.509392,2016-09-30,2016-10-26,21.353482,0.873443,2029.136316,2.700925,7.615067
sz002470,2016-11-28,7.900000,7.980000,7.880000,7.920000,0.005076,22225436.000000,176166059.610000,21465504799.200001,24876976885.200001,0.008200,33.009537,2016-09-30,2016-10-26,21.681997,0.886881,2060.353798,2.742477,7.732222
sz002470,2016-11-25,7.960000,7.980000,7.720000,7.880000,-0.005051,29188286.000000,229095870.520000,21357093158.799999,24751335587.799999,0.010769,32.842822,2016-09-30,2016-10-26,21.572492,0.882402,2049.947971,2.728626,7.693170
sz002470,2016-11-24,7.740000,7.960000,7.720000,7.920000,0.024580,44855164.000000,353670307.380000,21465504799.200001,24876976885.200001,0.016550,33.009537,2016-09-30,2016-10-26,21.681997,0.886881,2060.353798,2.742477,7.732222
sz002470,2016-11-23,7.720000,7.800000,7.720000,7.730000,0.001295,21623262.000000,167838235.870000,20950549507.299999,24280180722.549999,0.007978,32.217641,2016-09-30,2016-10-26,21.161848,0.865605,2010.926119,2.676685,7.546726
sz002470,2016-11-22,7.570000,7.730000,7.570000,7.720000,0.021164,23145462.000000,177980503.220000,20923446597.200001,24248770398.200001,0.008540,32.175962,2016-09-30,2016-10-26,21.134472,0.864485,2008.324662,2.673223,7.536964
sz002470,2016-11-21,7.510000,7.590000,7.480000,7.560000,0.005319,9489846.000000,71720181.720000,20489800035.599998,23746205208.599998,0.003501,31.509103,2016-09-30,2016-10-26,20.696452,0.846568,1966.701353,2.617819,7.380757
sz002470,2016-11-18,7.630000,7.630000,7.510000,7.520000,-0.011827,11633900.000000,87970637.050000,20381388395.200001,23620563911.200001,0.004292,31.342388,2016-09-30,2016-10-26,20.586947,0.842089,1956.295525,2.603968,7.341705
sz002470,2016-11-17,7.690000,7.690000,7.590000,7.610000,-0.009115,9942934.000000,75734391.700000,20625314586.099998,23903256830.349998,0.003669,31.717497,2016-09-30,2016-10-26,20.833333,0.852167,1979.708637,2.635133,7.429572
sz002470,2016-11-16,7.680000,7.730000,7.650000,7.680000,0.002611,16298303.000000,125505529.530000,20815034956.799999,24123129100.799999,0.006013,32.009248,2016-09-30,2016-10-26,21.024967,0.860006,1997.918835,2.659372,7.497912
sz002470,2016-11-15,7.670000,7.680000,7.630000,7.660000,0.001307,11743766.000000,89872569.870000,20760829136.599998,24060308452.099998,0.004333,31.925890,2016-09-30,2016-10-26,20.970215,0.857766,1992.715921,2.652446,7.478386
sz002470,2016-11-14,7.580000,7.670000,7.580000,7.650000,0.001309,18627283.000000,142213385.970000,20733726226.500000,24028898127.750000,0.006873,31.884212,2016-09-30,2016-10-26,20.942838,0.856646,1990.114464,2.648984,7.468623
sz002470,2016-11-11,7.470000,7.660000,7.450000,7.640000,0.021390,26444233.000000,200593069.260000,20706623316.400002,23997487803.400002,0.009757,31.842533,2016-09-30,2016-10-26,20.915462,0.855527,1987.513007,2.645521,7.458860
sz002470,2016-11-10,7.430000,7.510000,7.400000,7.480000,0.012179,16534117.000000,123502808.760000,20272976754.799999,23494922613.799999,0.006100,31.175674,2016-09-30,2016-10-26,20.477442,0.837610,1945.889698,2.590117,7.302654
sz002470,2016-11-09,7.510000,7.510000,7.360000,7.390000,-0.015979,15691090.000000,116422501.180000,20029050563.900002,23212229694.650002,0.005789,30.800565,2016-09-30,2016-10-26,20.231056,0.827532,1922.476587,2.558953,7.214788
sz002470,2016-11-08,7.470000,7.520000,7.460000,7.510000,0.006702,11162344.000000,83568884.050000,20354285485.099998,23589153586.849998,0.004119,31.300710,2016-09-30,2016-10-26,20.559571,0.840969,1953.694069,2.600506,7.331943
sz002470,2016-11-07,7.510000,7.520000,7.440000,7.460000,-0.005333,14976073.000000,111779877.120000,20218770934.599998,23432101965.099998,0.005526,31.092316,2016-09-30,2016-10-26,20.422689,0.835370,1940.686785,2.583192,7.283128
sz002470,2016-11-04,7.550000,7.550000,7.480000,7.500000,-0.006623,11269100.000000,84610054.710000,20327182575.000000,23557743262.500000,0.004158,31.259031,2016-09-30,2016-10-26,20.532194,0.839849,1951.092612,2.597043,7.322180
sz002470,2016-11-03,7.520000,7.570000,7.480000,7.550000,0.000000,16330113.000000,122941480.230000,20462697125.500000,23714794884.250000,0.006025,31.467424,2016-09-30,2016-10-26,20.669076,0.845448,1964.099896,2.614356,7.370994
sz002470,2016-11-02,7.620000,7.660000,7.510000,7.550000,-0.011780,14409970.000000,109399314.600000,20462697125.500000,23714794884.250000,0.005317,31.467424,2016-09-30,2016-10-26,20.669076,0.845448,1964.099896,2.614356,7.370994
sz002470,2016-11-01,7.570000,7.650000,7.560000,7.640000,0.009247,16059557.000000,122263607.740000,20706623316.400002,23997487803.400002,0.005925,31.842533,2016-09-30,2016-10-26,20.915462,0.855527,1987.513007,2.645521,7.458860
sz002470,2016-10-31,7.500000,7.580000,7.480000,7.570000,0.005312,12934557.000000,97394362.620000,20516902945.700001,23777615532.950001,0.004772,31.550782,2016-09-30,2016-10-26,20.723828,0.847688,1969.302810,2.621282,7.390520
sz002470,2016-10-28,7.600000,7.630000,7.520000,7.530000,-0.011811,21651328.000000,163715620.820000,20408491305.299999,23651974235.549999,0.007989,31.384067,2016-09-30,2016-10-26,20.614323,0.843209,1958.896982,2.607431,7.351468
sz002470,2016-10-27,7.640000,7.670000,7.590000,7.620000,-0.002618,16079069.000000,122614156.840000,20652417496.200001,23934667154.700001,0.005933,31.759175,2016-09-30,2016-10-26,20.860710,0.853287,1982.310094,2.638596,7.439335
sz002470,2016-10-26,7.700000,7.740000,7.630000,7.640000,-0.015464,22868380.000000,175163367.670000,20706623316.400002,23997487803.400002,0.008438,31.842533,2016-09-30,2016-10-26,20.915462,0.855527,1987.513007,2.645521,7.458860
sz002470,2016-10-25,7.710000,7.790000,7.680000,7.760000,0.005181,17282816.000000,133632642.880000,21022186018.400002,24364739484.160000,0.006380,32.342677,2016-06-30,2016-08-16,14.261770,0.868964,6.916221,2.799625,7.576015
sz002470,2016-10-24,7.670000,7.740000,7.640000,7.720000,0.006519,20715775.000000,159579634.200000,20913824234.799999,24239148043.520000,0.007647,32.175962,2016-06-30,2016-08-16,14.188255,0.864485,6.880570,2.785194,7.536964
sz002470,2016-10-21,7.640000,7.710000,7.600000,7.670000,0.006562,19690708.000000,150571587.770000,20778372005.299999,24082158742.720001,0.007269,31.967569,2016-06-30,2016-08-16,14.096363,0.858886,6.836007,2.767155,7.488149
sz002470,2016-10-20,7.650000,7.660000,7.600000,7.620000,-0.001311,14658706.000000,111725205.380000,20642919775.799999,23925169441.919998,0.005411,31.759175,2016-06-30,2016-08-16,14.004470,0.853287,6.791444,2.749116,7.439335
sz002470,2016-10-19,7.690000,7.700000,7.600000,7.630000,-0.007802,21233562.000000,162207747.940000,20670010221.700001,23956567302.080002,0.007838,31.800854,2016-06-30,2016-08-16,14.022848,0.854407,6.800357,2.752724,7.449097
sz002470,2016-10-18,7.620000,7.690000,7.580000,7.690000,0.009186,22340446.000000,170615216.370000,20832552897.099998,24144954463.040001,0.008247,32.050926,2016-06-30,2016-08-16,14.133120,0.861126,6.853832,2.774370,7.507675
sz002470,2016-10-17,7.820000,7.910000,7.610000,7.620000,-0.042714,47922028.000000,369579133.280000,20642919775.799999,23925169441.919998,0.017690,31.759175,2016-06-30,2016-08-16,14.004470,0.853287,6.791444,2.749116,7.439335
sz002470,2016-10-14,7.940000,8.000000,7.860000,7.960000,0.001258,13710490.000000,108702213.710000,21563994936.400002,24992696687.360001,0.005061,33.176251,2016-06-30,2016-08-16,14.629341,0.891360,7.094474,2.871780,7.771273
sz002470,2016-10-13,8.130000,8.130000,7.940000,7.950000,-0.019729,21175509.000000,169333483.150000,21536904490.500000,24961298827.200001,0.007817,33.134573,2016-06-30,2016-08-16,14.610962,0.890240,7.085561,2.868172,7.761510
sz002470,2016-10-12,8.160000,8.160000,8.080000,8.110000,-0.007344,9167170.000000,74463066.780000,21970351624.900002,25463664589.759998,0.003384,33.801432,2016-06-30,2016-08-16,14.905020,0.908157,7.228164,2.925897,7.917717
sz002470,2016-10-11,8.090000,8.180000,8.060000,8.170000,0.012392,14299883.000000,116465766.140000,22132894300.299999,25652051750.720001,0.005279,34.051504,2016-06-30,2016-08-16,15.015291,0.914876,7.281640,2.947543,7.976294
sz002470,2016-10-10,7.900000,8.130000,7.900000,8.070000,0.022814,12582805.000000,101559468.360000,21861989841.299999,25338073149.119999,0.004645,33.634717,2016-06-30,2016-08-16,14.831505,0.903678,7.192513,2.911465,7.878665
sz002470,2016-09-30,7.740000,7.950000,7.730000,7.890000,0.019380,10095474.000000,79280889.710000,21374361815.099998,24772911666.240002,0.003727,32.884501,2016-06-30,2016-08-16,14.500691,0.883522,7.032086,2.846526,7.702933
sz002470,2016-09-29,7.740000,7.830000,7.720000,7.740000,0.000000,9486540.000000,73728196.990000,20968005126.599998,24301943763.840000,0.003502,32.259320,2016-06-30,2016-08-16,14.225012,0.866725,6.898396,2.792409,7.556489
sz002470,2016-09-28,7.830000,7.830000,7.710000,7.740000,-0.005141,7973563.000000,61683121.430000,20968005126.599998,24301943763.840000,0.002943,32.259320,2016-06-30,2016-08-16,14.225012,0.866725,6.898396,2.792409,7.556489
sz002470,2016-09-27,7.730000,7.800000,7.700000,7.780000,0.005168,10553103.000000,81776754.350000,21076366910.200001,24427535204.480000,0.003896,32.426035,2016-06-30,2016-08-16,14.298527,0.871204,6.934046,2.806840,7.595541
sz002470,2016-09-26,8.000000,8.000000,7.740000,7.740000,-0.034913,20911662.000000,163733190.490000,20968005126.599998,24301943763.840000,0.007719,32.259320,2016-06-30,2016-08-16,14.225012,0.866725,6.898396,2.792409,7.556489
sz002470,2016-09-23,8.060000,8.080000,8.010000,8.020000,-0.006196,6711635.000000,53949197.000000,21726537611.799999,25181083848.320000,0.002477,33.426324,2016-06-30,2016-08-16,14.739612,0.898079,7.147950,2.893427,7.829851
sz002470,2016-09-22,8.090000,8.100000,8.040000,8.070000,0.003731,10919811.000000,88126542.530000,21861989841.299999,25338073149.119999,0.004031,33.634717,2016-06-30,2016-08-16,14.831505,0.903678,7.192513,2.911465,7.878665
sz002470,2016-09-21,8.050000,8.070000,8.020000,8.040000,-0.001242,6519935.000000,52447715.130000,21780718503.599998,25243879568.639999,0.002407,33.509681,2016-06-30,2016-08-16,14.776370,0.900319,7.165775,2.900642,7.849377
sz002470,2016-09-20,8.040000,8.080000,8.010000,8.050000,0.001244,7359509.000000,59217610.460000,21807808949.500000,25275277428.799999,0.002717,33.551360,2016-06-30,2016-08-16,14.794748,0.901438,7.174688,2.904250,7.859139
sz002470,2016-09-19,7.990000,8.040000,7.980000,8.040000,0.007519,5171392.000000,41491204.580000,21780718503.599998,25243879568.639999,0.001909,33.509681,2016-06-30,2016-08-16,14.776370,0.900319,7.165775,2.900642,7.849377
sz002470,2016-09-14,8.050000,8.070000,7.950000,7.980000,-0.006227,9693203.000000,77628073.230000,21618175828.200001,25055492407.680000,0.003578,33.259609,2016-06-30,2016-08-16,14.666098,0.893600,7.112299,2.878996,7.790799
sz002470,2016-09-13,8.070000,8.120000,8.000000,8.030000,-0.001244,9095572.000000,73172735.210000,21753628057.700001,25212481708.480000,0.003357,33.468002,2016-06-30,2016-08-16,14.757991,0.899199,7.156863,2.897034,7.839614
sz002470,2016-09-12,8.130000,8.140000,7.990000,8.040000,-0.020706,18386307.000000,148362128.610000,21780718503.599998,25243879568.639999,0.006787,33.509681,2016-06-30,2016-08-16,14.776370,0.900319,7.165775,2.900642,7.849377
sz002470,2016-09-09,8.300000,8.340000,8.210000,8.210000,-0.010843,9494325.000000,78592435.620000,22241256083.900002,25777643191.360001,0.003505,34.218219,2016-06-30,2016-08-16,15.088805,0.919355,7.317291,2.961974,8.015346
sz002470,2016-09-08,8.320000,8.330000,8.260000,8.300000,0.000000,9017155.000000,74727922.660000,22485070097.000000,26060223932.799999,0.003329,34.593328,2016-06-30,2016-08-16,15.254212,0.929433,7.397504,2.994444,8.103212
sz002470,2016-09-07,8.360000,8.420000,8.270000,8.300000,-0.009547,17007181.000000,142259748.280000,22485070097.000000,26060223932.799999,0.006278,34.593328,2016-06-30,2016-08-16,15.254212,0.929433,7.397504,2.994444,8.103212
sz002470,2016-09-06,8.250000,8.390000,8.210000,8.380000,0.014528,10599755.000000,87875949.100000,22701793664.200001,26311406814.080002,0.003913,34.926757,2016-06-30,2016-08-16,15.401241,0.938392,7.468806,3.023306,8.181315
sz002470,2016-09-05,8.270000,8.310000,8.230000,8.260000,0.001212,7220742.000000,59764804.500000,22376708313.400002,25934632492.160000,0.002665,34.426613,2016-06-30,2016-08-16,15.180698,0.924954,7.361854,2.980013,8.064161
sz002470,2016-09-02,8.310000,8.330000,8.200000,8.250000,-0.007220,9867277.000000,81532004.930000,22349617867.500000,25903234632.000000,0.003642,34.384934,2016-06-30,2016-08-16,15.162320,0.923834,7.352941,2.976405,8.054398
sz002470,2016-09-01,8.380000,8.400000,8.300000,8.310000,-0.007168,11796496.000000,98376496.300000,22512160542.900002,26091621792.959999,0.004354,34.635006,2016-06-30,2016-08-16,15.272591,0.930553,7.406417,2.998052,8.112975
sz002470,2016-08-31,8.380000,8.430000,8.330000,8.370000,0.001196,11210454.000000,93809461.380000,22674703218.299999,26280008953.919998,0.004138,34.885079,2016-06-30,2016-08-16,15.382862,0.937272,7.459893,3.019698,8.171552
sz002470,2016-08-30,8.410000,8.470000,8.340000,8.360000,-0.007126,9448488.000000,79343042.300000,22647612772.400002,26248611093.759998,0.003488,34.843400,2016-06-30,2016-08-16,15.364484,0.936152,7.450980,3.016091,8.161790
sz002470,2016-08-29,8.400000,8.430000,8.350000,8.420000,0.007177,13618398.000000,114336920.080000,22810155447.799999,26436998254.720001,0.005027,35.093472,2016-06-30,2016-08-16,15.474755,0.942871,7.504456,3.037737,8.220367
sz002470,2016-08-26,8.390000,8.440000,8.320000,8.360000,-0.001195,9575256.000000,80257239.850000,22647612772.400002,26248611093.759998,0.003535,34.843400,2016-06-30,2016-08-16,15.364484,0.936152,7.450980,3.016091,8.161790
sz002470,2016-08-25,8.450000,8.470000,8.250000,8.370000,-0.018757,19929444.000000,166232666.050000,22674702297.599998,26280008953.919998,0.007357,34.885079,2016-06-30,2016-08-16,15.382862,0.937272,7.459893,3.019698,8.171552
sz002470,2016-08-24,8.500000,8.660000,8.480000,8.530000,0.005896,17099526.000000,146760109.670000,23108149414.400002,26782374716.480000,0.006312,35.551938,2016-06-30,2016-08-16,15.676919,0.955189,7.602496,3.077423,8.327759
sz002470,2016-08-23,8.460000,8.550000,8.450000,8.480000,0.002364,9145872.000000,77797517.010000,22972697190.400002,26625385415.680000,0.003376,35.343544,2016-06-30,2016-08-16,15.585027,0.949590,7.557932,3.059384,8.278944
sz002470,2016-08-22,8.520000,8.580000,8.440000,8.460000,-0.009368,11995170.000000,101813964.240000,22918516300.799999,26562589695.360001,0.004428,35.260187,2016-06-30,2016-08-16,15.548269,0.947350,7.540107,3.052168,8.259419
sz002470,2016-08-19,8.510000,8.560000,8.440000,8.540000,0.003525,13258165.000000,112869115.640000,23135239859.200001,26813772576.639999,0.004894,35.593617,2016-06-30,2016-08-16,15.695298,0.956308,7.611408,3.081030,8.337522
sz002470,2016-08-18,8.600000,8.620000,8.490000,8.510000,-0.008159,21865811.000000,186443131.880000,23053968524.799999,26719578996.160000,0.008071,35.468580,2016-06-30,2016-08-16,15.640162,0.952949,7.584670,3.070207,8.308233
sz002470,2016-08-17,8.600000,8.700000,8.530000,8.580000,0.008226,30485118.000000,262510114.320000,23243601638.400002,26939364017.279999,0.011253,35.760331,2016-06-30,2016-08-16,15.768812,0.960788,7.647059,3.095461,8.376574
sz002470,2016-08-16,8.500000,8.580000,8.430000,8.510000,0.007101,19614733.000000,166719353.220000,23048546088.959999,26719578996.160000,0.007242,35.468580,2016-06-30,2016-08-16,15.640162,0.952949,7.584670,3.070207,8.308233
sz002470,2016-08-15,8.240000,8.520000,8.240000,8.450000,0.020531,23101857.000000,194077382.380000,22886041651.200001,26525793806.200001,0.008530,35.218508,2016-03-31,2016-04-20,31.291598,1.904423,20.830238,3.152311,8.249656
sz002470,2016-08-12,8.140000,8.300000,8.100000,8.280000,0.015951,13542367.000000,110772469.360000,22425612410.880001,25992138782.880001,0.005000,34.509970,2016-03-31,2016-04-20,30.662062,1.866109,20.411168,3.088891,8.083686
sz002470,2016-08-11,8.210000,8.220000,8.090000,8.150000,-0.008516,13177845.000000,107451881.490000,22073519462.400002,25584049647.400002,0.004866,33.968147,2016-03-31,2016-04-20,30.180653,1.836810,20.090703,3.040394,7.956769
sz002470,2016-08-10,8.300000,8.310000,8.180000,8.220000,-0.007246,12655818.000000,104251599.390000,22263107973.119999,25803789951.119999,0.004673,34.259898,2016-03-31,2016-04-20,30.439874,1.852587,20.263261,3.066508,8.025109
sz002470,2016-08-09,8.260000,8.340000,8.220000,8.280000,0.002421,16344460.000000,135329920.790000,22425612410.880001,25992138782.880001,0.006035,34.509970,2016-03-31,2016-04-20,30.662062,1.866109,20.411168,3.088891,8.083686
sz002470,2016-08-08,8.240000,8.270000,8.110000,8.260000,0.002427,17011094.000000,139143702.380000,22371444264.959999,25929355838.959999,0.006281,34.426613,2016-03-31,2016-04-20,30.587999,1.861602,20.361866,3.081430,8.064161
sz002470,2016-08-05,8.390000,8.390000,8.190000,8.240000,-0.016706,18359090.000000,151594225.610000,22317276119.040001,25866572895.040001,0.006779,34.343255,2016-03-31,2016-04-20,30.513937,1.857094,20.312563,3.073969,8.044635
sz002470,2016-08-04,8.570000,8.590000,8.280000,8.380000,-0.023310,23191591.000000,194098017.550000,22706137864.580002,26306053502.480000,0.008559,34.926757,2016-03-31,2016-04-20,31.032377,1.888647,20.657680,3.126197,8.181315
sz002470,2016-08-03,8.570000,8.600000,8.470000,8.580000,-0.006944,8841602.000000,75474419.080000,23248050462.779999,26933882941.680000,0.003263,35.760331,2016-03-31,2016-04-20,31.773007,1.933722,21.150703,3.200808,8.376574
sz002470,2016-08-02,8.620000,8.680000,8.500000,8.640000,0.008168,11089961.000000,95383419.610000,23410624242.240002,27122231773.439999,0.004093,36.010404,2016-03-31,2016-04-20,31.995196,1.947244,21.298610,3.223191,8.435151
sz002470,2016-08-01,8.610000,8.630000,8.330000,8.570000,-0.003488,12833146.000000,108460469.070000,23220954832.869999,26902491469.720001,0.004736,35.718653,2016-03-31,2016-04-20,31.735975,1.931468,21.126052,3.197077,8.366811
sz002470,2016-07-29,8.390000,8.650000,8.380000,8.600000,0.015348,13902669.000000,119381176.560000,23302241722.599998,26996665885.599998,0.005131,35.843689,2016-03-31,2016-04-20,31.847070,1.938229,21.200005,3.208269,8.396099
sz002470,2016-07-28,8.310000,8.570000,8.280000,8.470000,0.020482,13528045.000000,114014202.760000,22949998533.770000,26588576750.119999,0.004993,35.301866,2016-03-31,2016-04-20,31.365660,1.908931,20.879540,3.159772,8.269182
sz002470,2016-07-27,8.680000,8.710000,8.200000,8.300000,-0.040462,18513946.000000,156038616.060000,22489372825.299999,26054921726.799999,0.006833,34.593328,2016-03-31,2016-04-20,30.736125,1.870617,20.460470,3.096353,8.103212
sz002470,2016-07-26,8.420000,8.650000,8.410000,8.650000,0.022459,12753718.000000,109175158.740000,23437719872.150002,27153623245.400002,0.004707,36.052082,2016-03-31,2016-04-20,32.032227,1.949498,21.323261,3.226922,8.444914
sz002470,2016-07-25,8.280000,8.540000,8.250000,8.460000,0.011962,13763501.000000,116170918.530000,22922902903.860001,26557185278.160000,0.005080,35.260187,2016-03-31,2016-04-20,31.328629,1.906677,20.854889,3.156041,8.259419
sz002470,2016-07-22,8.580000,8.590000,8.350000,8.360000,-0.021077,13363728.000000,112595541.730000,22651946604.759998,26243270558.560001,0.004932,34.843400,2016-03-31,2016-04-20,30.958314,1.884139,20.608377,3.118736,8.161790
sz002470,2016-07-21,8.490000,8.650000,8.490000,8.540000,0.003525,13585536.000000,116658709.610000,23139667943.139999,26808317053.840000,0.005014,35.593617,2016-03-31,2016-04-20,31.624881,1.924707,21.052098,3.185886,8.337522
sz002470,2016-07-20,8.500000,8.550000,8.450000,8.510000,0.002356,11821440.000000,100504611.830000,23058381053.410000,26714142637.959999,0.004363,35.468580,2016-03-31,2016-04-20,31.513786,1.917946,20.978145,3.174694,8.308233
sz002470,2016-07-19,8.610000,8.670000,8.380000,8.490000,-0.017361,18127797.000000,153890275.140000,23004189793.590000,26651359694.040001,0.006690,35.385223,2016-03-31,2016-04-20,31.439723,1.913438,20.928842,3.167233,8.288707
sz002470,2016-07-18,8.720000,8.850000,8.590000,8.640000,-0.009174,21711897.000000,188230062.770000,23409516594.240002,27122231773.439999,0.008013,36.010404,2016-03-31,2016-04-20,31.995196,1.947244,21.298610,3.223191,8.435151
sz002470,2016-07-15,8.500000,8.810000,8.500000,8.720000,0.017503,30270214.000000,262727142.810000,23625940017.520000,27373363549.119999,0.011172,36.343833,2016-03-31,2016-04-20,32.291447,1.965274,21.495819,3.253035,8.513254
sz002470,2016-07-14,8.610000,8.650000,8.460000,8.570000,-0.012673,22429153.000000,191174347.850000,23219307678.869999,26902491469.720001,0.008278,35.718653,2016-03-31,2016-04-20,31.735975,1.931468,21.126052,3.197077,8.366811
sz002470,2016-07-13,8.300000,8.750000,8.300000,8.680000,0.052121,67557517.000000,584260384.940000,23516649273.880001,27247797661.279999,0.024935,36.177118,2016-03-31,2016-04-20,32.143321,1.956259,21.397215,3.238113,8.474203
sz002470,2016-07-12,8.060000,8.270000,8.040000,8.250000,0.019778,19182796.000000,156765366.790000,22351571475.750000,25897964367.000000,0.007080,34.384934,2016-03-31,2016-04-20,30.550968,1.859348,20.337214,3.077700,8.054398
sz002470,2016-07-11,8.180000,8.190000,8.070000,8.090000,-0.007362,11053200.000000,89958588.360000,21917900383.189999,25395700815.639999,0.004080,33.718075,2016-03-31,2016-04-20,29.958464,1.823288,19.942796,3.018011,7.898191
sz002470,2016-07-08,8.150000,8.180000,8.080000,8.150000,0.000000,9522888.000000,77460880.410000,22080439586.650002,25584049647.400002,0.003515,33.968147,2016-03-31,2016-04-20,30.180653,1.836810,20.090703,3.040394,7.956769
sz002470,2016-07-07,8.180000,8.240000,8.080000,8.150000,-0.006098,13309625.000000,108540163.940000,22080215461.650002,25584049647.400002,0.004913,33.968147,2016-03-31,2016-04-20,30.180653,1.836810,20.090703,3.040394,7.956769
sz002470,2016-07-06,8.210000,8.260000,8.150000,8.200000,-0.009662,11057815.000000,90625032.650000,22215214426.200001,25741007007.200001,0.004082,34.176540,2016-03-31,2016-04-20,30.365811,1.848079,20.213959,3.059047,8.005583
sz002470,2016-07-05,8.200000,8.290000,8.120000,8.280000,0.010989,29340001.000000,241346902.170000,22431360345.480000,25992138782.880001,0.010830,34.509970,2016-03-31,2016-04-20,30.662062,1.866109,20.411168,3.088891,8.083686
sz002470,2016-07-04,8.020000,8.210000,7.910000,8.190000,0.019925,22028247.000000,179473154.220000,22187262751.290001,25709615535.240002,0.008131,34.134862,2016-03-31,2016-04-20,30.328779,1.845825,20.189307,3.055317,7.995820
sz002470,2016-07-01,8.090000,8.110000,8.010000,8.030000,-0.002484,12800038.000000,103040498.690000,21753628065.730000,25207351983.880001,0.004725,33.468002,2016-03-31,2016-04-20,29.736276,1.809765,19.794889,2.995628,7.839614
sz002470,2016-06-30,8.150000,8.150000,8.000000,8.050000,-0.012270,13521485.000000,109077906.840000,21807647957.549999,25270134927.799999,0.004991,33.551360,2016-03-31,2016-04-20,29.810338,1.814273,19.844191,3.003089,7.859139
sz002470,2016-06-29,8.090000,8.230000,8.010000,8.150000,0.011166,21383687.000000,173732200.200000,22078550416.650002,25584049647.400002,0.007894,33.968147,2016-03-31,2016-04-20,30.180653,1.836810,20.090703,3.040394,7.956769
sz002470,2016-06-28,8.080000,8.080000,7.890000,8.060000,-0.003708,17834164.000000,142777525.830000,21834641483.459999,25301526399.759998,0.006583,33.593039,2016-03-31,2016-04-20,29.847370,1.816527,19.868842,3.006819,7.868902
sz002470,2016-06-27,7.890000,8.100000,7.850000,8.090000,0.016332,16647251.000000,133385498.650000,21915903771.189999,25395700815.639999,0.006145,33.718075,2016-03-31,2016-04-20,29.958464,1.823288,19.942796,3.018011,7.898191
sz002470,2016-06-24,8.090000,8.150000,7.770000,7.960000,-0.012407,14736070.000000,117947837.470000,21563488688.360001,24987611680.160000,0.005440,33.176251,2016-03-31,2016-04-20,29.477055,1.793989,19.622330,2.969514,7.771273
sz002470,2016-06-23,8.150000,8.180000,7.990000,8.060000,-0.004938,13603651.000000,109701364.880000,21834144987.459999,25301526399.759998,0.005022,33.593039,2016-03-31,2016-04-20,29.847370,1.816527,19.868842,3.006819,7.868902
sz002470,2016-06-22,8.010000,8.120000,7.880000,8.100000,0.011236,14893881.000000,119416442.200000,21942389627.099998,25427092287.599998,0.005498,33.759753,2016-03-31,2016-04-20,29.995496,1.825542,19.967447,3.021742,7.907954
sz002470,2016-06-21,8.110000,8.340000,7.980000,8.010000,-0.006203,26101732.000000,212787873.730000,21698401067.910000,25144569039.959999,0.009635,33.384645,2016-03-31,2016-04-20,29.662213,1.805258,19.745586,2.988167,7.820088
sz002470,2016-06-20,7.780000,8.180000,7.710000,8.060000,0.033333,26671319.000000,213930287.160000,21833790347.459999,25301526399.759998,0.009846,33.593039,2016-03-31,2016-04-20,29.847370,1.816527,19.868842,3.006819,7.868902
sz002470,2016-06-17,7.580000,7.920000,7.540000,7.800000,0.037234,18196932.000000,141174405.330000,21129474529.799999,24485348128.799999,0.006717,32.509392,2016-03-31,2016-04-20,28.884552,1.757929,19.227912,2.909825,7.615067
sz002470,2016-06-16,7.590000,7.740000,7.500000,7.520000,-0.011827,15901614.000000,120985665.810000,20370484252.320000,23606386913.919998,0.005870,31.342388,2016-03-31,2016-04-20,27.847670,1.694824,18.537679,2.805370,7.341705
sz002470,2016-06-15,7.290000,7.700000,7.280000,7.610000,0.021477,19489977.000000,147454124.520000,20614173401.509998,23888910161.560001,0.007195,31.717497,2016-03-31,2016-04-20,28.180954,1.715108,18.759540,2.838945,7.429572
sz002470,2016-06-14,7.530000,7.670000,7.290000,7.450000,-0.023591,25440894.000000,190341770.120000,20180477982.950001,23386646610.200001,0.009392,31.050637,2016-03-31,2016-04-20,27.588450,1.679047,18.365121,2.779256,7.273365
sz002470,2016-06-13,7.940000,7.950000,7.630000,7.630000,-0.052174,19807046.000000,154970798.500000,20667876881.330002,23951693105.480000,0.007312,31.800854,2016-03-31,2016-04-20,28.255016,1.719615,18.808842,2.846406,7.449097
sz002470,2016-06-08,8.130000,8.210000,7.990000,8.050000,-0.006173,17351126.000000,139685140.450000,21805558177.549999,25270134927.799999,0.006406,33.551360,2016-03-31,2016-04-20,29.810338,1.814273,19.844191,3.003089,7.859139
sz002470,2016-06-07,8.150000,8.380000,8.010000,8.100000,-0.007353,25855175.000000,211976080.450000,21940811747.099998,25427092287.599998,0.009545,33.759753,2016-03-31,2016-04-20,29.995496,1.825542,19.967447,3.021742,7.907954
sz002470,2016-06-06,7.930000,8.280000,7.910000,8.160000,0.020000,37540600.000000,306895815.110000,22103049046.560001,25615441119.360001,0.013859,34.009826,2016-03-31,2016-04-20,30.217685,1.839064,20.115354,3.044125,7.966531
sz002470,2016-06-03,7.550000,8.030000,7.520000,8.000000,0.063830,39063229.000000,304641990.890000,21669375928.000000,25113177568.000000,0.014422,33.342966,2016-03-31,2016-04-20,29.625181,1.803004,19.720935,2.984436,7.810325
sz002470,2016-06-02,7.540000,7.570000,7.450000,7.520000,-0.005291,8840517.000000,66416851.670000,20368837372.320000,23606386913.919998,0.003264,31.342388,2016-03-31,2016-04-20,27.847670,1.694824,18.537679,2.805370,7.341705
sz002470,2016-06-01,7.670000,7.670000,7.520000,7.560000,-0.007874,13328789.000000,100984807.560000,20477122527.959999,23731952801.759998,0.004921,31.509103,2016-03-31,2016-04-20,27.995796,1.703839,18.636284,2.820292,7.380757
sz002470,2016-05-31,7.450000,7.630000,7.450000,7.620000,0.028340,16452469.000000,124686155.670000,20639639373.419998,23920301633.520000,0.006074,31.759175,2016-03-31,2016-04-20,28.217985,1.717361,18.784191,2.842675,7.439335
sz002470,2016-05-30,7.220000,7.420000,7.200000,7.410000,0.016461,8690546.000000,63702189.540000,20070508079.310001,23261080722.360001,0.003209,30.883923,2016-03-31,2016-04-20,27.440324,1.670032,18.266516,2.764334,7.234313
sz002470,2016-05-27,7.340000,7.350000,7.250000,7.290000,-0.008163,7674545.000000,55994970.010000,19745327976.389999,22884383058.840000,0.002833,30.383778,2016-03-31,2016-04-20,26.995946,1.642987,17.970702,2.719567,7.117159
sz002470,2016-05-26,7.380000,7.450000,7.210000,7.350000,-0.006757,10517481.000000,76852708.800000,19907840963.849998,23072731890.599998,0.003883,30.633850,2016-03-31,2016-04-20,27.218135,1.656510,18.118609,2.741951,7.175736
sz002470,2016-05-25,7.470000,7.550000,7.360000,7.400000,-0.002695,9512795.000000,70783912.010000,20042940633.400002,23229689250.400002,0.003512,30.842244,2016-03-31,2016-04-20,27.403293,1.667779,18.241865,2.760603,7.224551
sz002470,2016-05-24,7.570000,7.600000,7.390000,7.420000,-0.018519,8301648.000000,62251451.720000,20096917823.220001,23292472194.320000,0.003065,30.925601,2016-03-31,2016-04-20,27.477355,1.672286,18.291167,2.768065,7.244076
sz002470,2016-05-23,7.520000,7.610000,7.520000,7.560000,0.002653,9151585.000000,69231684.360000,20476029351.959999,23731952801.759998,0.003379,31.509103,2016-03-31,2016-04-20,27.995796,1.703839,18.636284,2.820292,7.380757
sz002470,2016-05-20,7.500000,7.550000,7.410000,7.540000,0.001328,6510161.000000,48755782.660000,20421505582.139999,23669169857.840000,0.002404,31.425746,2016-03-31,2016-04-20,27.921733,1.699331,18.586981,2.812831,7.361231
sz002470,2016-05-19,7.560000,7.650000,7.520000,7.530000,-0.005284,8798081.000000,66744133.770000,20394295455.630001,23637778385.880001,0.003248,31.384067,2016-03-31,2016-04-20,27.884702,1.697078,18.562330,2.809101,7.351468
sz002470,2016-05-18,7.790000,7.830000,7.520000,7.570000,-0.035669,12126010.000000,92645305.350000,20502631686.470001,23763344273.720001,0.004477,31.550782,2016-03-31,2016-04-20,28.032828,1.706093,18.660935,2.824023,7.390520
sz002470,2016-05-17,7.810000,7.950000,7.760000,7.850000,0.007702,12450973.000000,97601028.730000,21260985302.349998,24642305488.599998,0.004597,32.717786,2016-03-31,2016-04-20,29.069709,1.769198,19.351168,2.928478,7.663881
sz002470,2016-05-16,7.770000,7.840000,7.590000,7.790000,-0.007643,13724979.000000,106088269.140000,21098480956.090000,24453956656.840000,0.005068,32.467713,2016-03-31,2016-04-20,28.847520,1.755675,19.203261,2.906095,7.605304
sz002470,2016-05-13,7.800000,8.080000,7.770000,7.850000,0.010296,14928427.000000,118426968.910000,21260985302.349998,24642305488.599998,0.005512,32.717786,2016-03-31,2016-04-20,29.069709,1.769198,19.351168,2.928478,7.663881
sz002470,2016-05-12,7.760000,7.970000,7.600000,7.770000,-0.017699,13272712.000000,103827400.990000,21044323912.919998,24391173712.919998,0.004901,32.384356,2016-03-31,2016-04-20,28.773457,1.751168,19.153958,2.898634,7.585778
sz002470,2016-05-11,15.650000,16.150000,15.400000,15.920000,0.021823,11766790.000000,186743432.610000,21558921280.160000,24987611680.160000,0.008689,32.967858,2016-03-31,2016-04-20,29.291898,1.782720,19.499075,2.950861,7.722459
sz002470,2016-05-10,15.700000,15.750000,15.300000,15.580000,-0.004473,8106509.000000,125713412.290000,21098492056.840000,24453956656.840000,0.005986,32.263771,2016-03-31,2016-04-20,28.666317,1.744647,19.082637,2.887840,7.557532
sz002470,2016-05-09,16.150000,16.170000,15.600000,15.650000,-0.041054,11769632.000000,185662713.630000,21193286308.700001,24563826808.700001,0.008691,32.408730,2016-03-31,2016-04-20,28.795113,1.752486,19.168374,2.900815,7.591487
sz002470,2016-05-06,16.740000,16.870000,16.150000,16.320000,-0.000612,17704763.000000,292452457.300000,22100602719.360001,25615441119.360001,0.013074,33.796196,2016-03-31,2016-04-20,30.027875,1.827512,19.989001,3.025004,7.916490
sz002470,2016-05-05,16.280000,16.350000,16.200000,16.330000,0.003071,5182684.000000,84373772.710000,22114144755.340000,25631136855.340000,0.003827,33.816905,2016-03-31,2016-04-20,30.046275,1.828632,20.001249,3.026857,7.921341
sz002470,2016-05-04,16.360000,16.450000,16.210000,16.280000,-0.009732,7547054.000000,123087174.700000,22046434575.439999,25552658175.439999,0.005573,33.713362,2016-03-31,2016-04-20,29.954277,1.823033,19.940009,3.017589,7.897087
sz002470,2016-05-03,15.800000,16.460000,15.800000,16.440000,0.032663,11299970.000000,183161374.620000,22263107151.119999,25803789951.119999,0.008344,34.044698,2016-03-31,2016-04-20,30.248668,1.840950,20.135979,3.047246,7.974700
sz002470,2016-04-29,15.960000,16.200000,15.800000,15.920000,-0.009334,7339250.000000,117716202.870000,21558921280.160000,24987611680.160000,0.005420,32.967858,2016-03-31,2016-04-20,29.291898,1.782720,19.499075,2.950861,7.722459
sz002470,2016-04-28,16.000000,16.100000,15.730000,16.070000,0.004375,7101109.000000,112919209.110000,21762051819.860001,25223047719.860001,0.005244,33.278485,2016-03-31,2016-04-20,29.567889,1.799517,19.682797,2.978665,7.795221
sz002470,2016-04-27,15.680000,16.240000,15.610000,16.000000,0.024328,11699947.000000,187169152.470000,21667257568.000000,25113177568.000000,0.008640,33.133526,2016-03-31,2016-04-20,29.439093,1.791679,19.597060,2.965690,7.761265
sz002470,2016-04-26,15.590000,15.700000,15.470000,15.620000,0.001924,5178115.000000,80655063.930000,21152660200.759998,24516739600.759998,0.003824,32.346604,2016-03-31,2016-04-20,28.739915,1.749126,19.131630,2.895255,7.576935
sz002470,2016-04-25,15.500000,15.700000,15.330000,15.590000,0.001285,5439354.000000,84421001.640000,21112034092.820000,24469652392.820000,0.004017,32.284479,2016-03-31,2016-04-20,28.684717,1.745767,19.094885,2.889694,7.562383
sz002470,2016-04-22,15.160000,15.580000,15.150000,15.570000,0.013012,6056080.000000,93278463.140000,21084950020.860001,24438260920.860001,0.004472,32.243062,2016-03-31,2016-04-20,28.647918,1.743527,19.070389,2.885987,7.552681
sz002470,2016-04-21,15.410000,15.690000,15.290000,15.370000,-0.011576,9774649.000000,151467293.740000,20814109301.259998,24124346201.259998,0.007218,31.828893,2016-03-31,2016-04-20,28.279929,1.721131,18.825426,2.848916,7.455665
sz002470,2016-04-20,16.280000,16.310000,15.360000,15.550000,-0.042488,13103818.000000,206543406.510000,21057865948.900002,24406869448.900002,0.009676,32.201645,2016-03-31,2016-04-20,28.611119,1.741288,19.045893,2.882280,7.542980
sz002470,2016-04-19,16.280000,16.350000,16.010000,16.240000,0.000616,8039208.000000,129706280.170000,21992266431.520000,25489875231.520000,0.005936,33.630528,2015-12-31,2016-03-29,22.892843,1.434409,11.291893,3.168879,7.877684
sz002470,2016-04-18,16.540000,16.540000,16.100000,16.230000,-0.019335,7592400.000000,123120000.000000,21949000000.000000,25442000000.000000,0.005614,33.609820,2015-12-31,2016-03-29,22.878747,1.433526,11.284940,3.166928,7.872833
sz002470,2016-04-15,16.400000,16.740000,16.370000,16.550000,0.007917,10723200.000000,177670000.000000,22381000000.000000,25944000000.000000,0.007929,34.272491,2015-12-31,2016-03-29,23.329837,1.461790,11.507440,3.229368,8.028059
sz002470,2016-04-14,16.500000,16.540000,16.280000,16.420000,0.004281,10734800.000000,176110000.000000,22206000000.000000,25739999999.999996,0.007938,34.003281,2015-12-31,2016-03-29,23.146582,1.450308,11.417049,3.204002,7.964998
sz002470,2016-04-13,16.180000,16.540000,16.170000,16.350000,0.011757,13416600.000000,220260000.000000,22111000000.000000,25630000000.000000,0.009921,33.858321,2015-12-31,2016-03-29,23.047906,1.444125,11.368377,3.190343,7.931043
sz002470,2016-04-12,16.350000,16.450000,15.900000,16.160000,-0.020606,18891100.000000,303880000.000000,21854000000.000000,25333000000.000000,0.013969,33.464861,2015-12-31,2016-03-29,22.780071,1.427343,11.236268,3.153269,7.838878
sz002470,2016-04-11,16.580000,16.730000,16.210000,16.500000,0.018519,20755000.000000,343140000.000000,22314000000.000000,25866000000.000004,0.015347,34.168948,2015-12-31,2016-03-29,23.259354,1.457374,11.472674,3.219612,8.003805
sz002470,2016-04-08,17.140000,17.150000,16.050000,16.200000,0.039128,37995200.000000,629600000.000000,21908000000.000000,25395000000.000000,0.028096,33.547695,2015-12-31,2016-03-29,22.836457,1.430876,11.264080,3.161074,7.858281
sz002470,2016-03-25,15.360000,15.690000,15.330000,15.590000,0.017624,8050800.000000,125140000.000000,21014000000.000000,24365000000.000000,0.005973,32.284479,2015-09-30,2015-10-20,24.075584,1.315829,9.820516,3.064899,7.562383
sz002470,2016-03-24,15.560000,15.560000,15.200000,15.320000,-0.016057,9852300.000000,150980000.000000,20650000000.000000,23943000000.000000,0.007309,31.725351,2015-09-30,2015-10-20,23.658624,1.293041,9.650436,3.011819,7.431411
sz002470,2016-03-23,15.500000,15.630000,15.300000,15.570000,0.001286,7776400.000000,120430000.000000,20987000000.000000,24334000000.000000,0.005769,32.243062,2015-09-30,2015-10-20,24.044698,1.314141,9.807917,3.060968,7.552681
sz002470,2016-03-22,15.590000,15.670000,15.480000,15.550000,-0.009554,7592600.000000,118420000.000000,20960000000.000000,24302000000.000000,0.005633,32.201645,2015-09-30,2015-10-20,24.013812,1.312453,9.795319,3.057036,7.542980
sz002470,2016-03-21,15.800000,16.000000,15.500000,15.700000,0.012250,13278500.000000,208440000.000000,21162000000.000000,24537000000.000000,0.009851,32.512272,2015-09-30,2015-10-20,24.245457,1.325114,9.889807,3.086525,7.615741
sz002470,2016-03-18,15.210000,15.730000,15.210000,15.510000,0.021066,10030900.000000,155460000.000000,20906000000.000000,24240000000.000000,0.007442,32.118811,2015-09-30,2015-10-20,23.952040,1.309077,9.770122,3.049172,7.523576
sz002470,2016-03-17,14.970000,15.200000,14.880000,15.190000,0.020148,7902000.000000,119480000.000000,20475000000.000000,23740000000.000000,0.005862,31.456141,2015-09-30,2015-10-20,23.457865,1.282068,9.568546,2.986262,7.368351
sz002470,2016-03-16,14.970000,15.090000,14.650000,14.890000,-0.002679,4353100.000000,64740000.000000,20071000000.000000,23271000000.000000,0.003229,30.834887,2015-09-30,2015-10-20,22.994576,1.256748,9.379569,2.927284,7.222827
sz002470,2016-03-15,15.110000,15.250000,14.830000,14.930000,-0.009290,4227600.000000,63470000.000000,20125000000.000000,23333000000.000000,0.003136,30.917721,2015-09-30,2015-10-20,23.056348,1.260124,9.404766,2.935147,7.242231
sz002470,2016-03-14,14.960000,15.260000,14.800000,15.070000,0.021003,7760900.000000,117280000.000000,20313000000.000000,23552000000.000000,0.005758,31.207639,2015-09-30,2015-10-20,23.272550,1.271940,9.492955,2.962671,7.310142
sz002470,2016-03-11,14.380000,14.900000,14.310000,14.760000,0.021453,5847400.000000,85740000.000000,19895000000.000000,23068000000.000000,0.004338,30.565677,2015-09-30,2015-10-20,22.793818,1.245776,9.297679,2.901726,7.159767
sz002470,2016-03-10,14.400000,14.700000,14.270000,14.450000,0.003472,4765000.000000,69270000.000000,19478000000.000000,22583000000.000000,0.003535,29.923715,2015-09-30,2015-10-20,22.315086,1.219611,9.102402,2.840782,7.009393
sz002470,2016-03-09,14.400000,14.600000,14.180000,14.400000,-0.019741,3833600.000000,55240000.000000,19410000000.000000,22505000000.000000,0.002844,29.820173,2015-09-30,2015-10-20,22.237871,1.215391,9.070906,2.830953,6.985139
sz002470,2016-03-08,14.760000,14.800000,14.180000,14.690000,-0.000680,6165600.000000,88880000.000000,19801000000.000000,22958000000.000000,0.004574,30.420718,2015-09-30,2015-10-20,22.685717,1.239867,9.253584,2.887965,7.125812
sz002470,2016-03-07,14.680000,14.950000,14.600000,14.700000,0.017301,4380600.000000,64620000.000000,19815000000.000000,22974000000.000000,0.003250,30.441427,2015-09-30,2015-10-20,22.701160,1.240711,9.259883,2.889931,7.130662
sz002470,2016-03-04,14.980000,15.100000,14.200000,14.450000,-0.034091,8087100.000000,118220000.000000,19478000000.000000,22583000000.000000,0.006000,29.923715,2015-09-30,2015-10-20,22.315086,1.219611,9.102402,2.840782,7.009393
sz002470,2016-03-03,14.780000,15.230000,14.700000,14.960000,0.012864,10186000.000000,152940000.000000,20165000000.000000,23380000000.000000,0.007557,30.979846,2015-09-30,2015-10-20,23.102677,1.262656,9.423664,2.941045,7.256783
sz002470,2016-03-02,14.270000,14.780000,14.150000,14.770000,0.044554,9203300.000000,133130000.000000,19909000000.000000,23083000000.000000,0.006828,30.586386,2015-09-30,2015-10-20,22.809261,1.246620,9.303978,2.903692,7.164618
sz002470,2016-03-01,13.950000,14.350000,13.700000,14.140000,0.018732,8027600.000000,112530000.000000,19060000000.000000,22099000000.000000,0.005955,29.281753,2015-09-30,2015-10-20,21.836354,1.193446,8.907126,2.779838,6.859018
sz002470,2016-02-29,14.670000,14.690000,13.640000,13.880000,-0.053851,7913500.000000,110310000.000000,18709000000.000000,21692000000.000000,0.005871,28.743333,2015-09-30,2015-10-20,21.434837,1.171502,8.743346,2.728724,6.732898
sz002470,2016-02-26,14.500000,14.880000,14.420000,14.670000,0.018750,7052300.000000,103400000.000000,19774000000.000000,22927000000.000000,0.005232,30.379301,2015-09-30,2015-10-20,22.654831,1.238179,9.240986,2.884033,7.116110
sz002470,2016-02-25,15.920000,15.950000,14.310000,14.400000,-0.093770,11882300.000000,180660000.000000,19410000000.000000,22505000000.000000,0.008815,29.820173,2015-09-30,2015-10-20,22.237871,1.215391,9.070906,2.830953,6.985139
sz002470,2016-02-24,16.290000,16.320000,15.500000,15.890000,-0.032867,10651100.000000,169620000.000000,21419000000.000000,24834000000.000000,0.007902,32.905733,2015-09-30,2015-10-20,24.538873,1.341150,10.009493,3.123878,7.707906
sz002470,2016-02-23,16.420000,16.600000,16.000000,16.430000,0.004279,7460000.000000,122010000.000000,22146000000.000000,25677999999.999996,0.005535,34.023989,2015-09-30,2015-10-20,25.372793,1.386727,10.349652,3.230038,7.969849
sz002470,2016-02-22,16.350000,16.450000,16.160000,16.360000,0.016149,7193600.000000,117540000.000000,22052000000.000000,25568000000.000000,0.005337,33.879030,2015-09-30,2015-10-20,25.264692,1.380819,10.305557,3.216277,7.935894
sz002470,2016-02-19,16.290000,16.360000,15.960000,16.100000,-0.014688,5689000.000000,91860000.000000,21702000000.000000,25162000000.000000,0.004220,33.340610,2015-09-30,2015-10-20,24.863175,1.358874,10.141777,3.165162,7.809773
sz002470,2016-02-18,16.530000,16.580000,16.220000,16.340000,-0.001833,6153300.000000,100850000.000000,22025000000.000000,25537000000.000000,0.004565,33.837613,2015-09-30,2015-10-20,25.233807,1.379131,10.292959,3.212345,7.926192
sz002470,2016-02-17,16.360000,16.450000,16.190000,16.370000,0.000000,4959800.000000,81010000.000000,22066000000.000000,25584000000.000000,0.003680,33.899738,2015-09-30,2015-10-20,25.280135,1.381663,10.311856,3.218243,7.940744
sz002470,2016-02-16,15.980000,16.480000,15.980000,16.370000,0.026976,6393600.000000,104210000.000000,22066000000.000000,25584000000.000000,0.004743,33.899738,2015-09-30,2015-10-20,25.280135,1.381663,10.311856,3.218243,7.940744
sz002470,2016-02-15,15.780000,16.050000,15.600000,15.940000,-0.020885,7569500.000000,120130000.000000,21486000000.000000,24912000000.000000,0.005616,33.009275,2015-09-30,2015-10-20,24.616088,1.345370,10.040989,3.133707,7.732160
sz002470,2016-02-05,15.700000,16.410000,15.600000,16.280000,0.048294,9836100.000000,158600000.000000,21944000000.000000,25443000000.000000,0.007297,33.713362,2015-09-30,2015-10-20,25.141149,1.374067,10.255163,3.200549,7.897087
sz002470,2016-02-04,15.360000,15.780000,15.330000,15.530000,0.021039,9120700.000000,142060000.000000,20933000000.000000,24271000000.000000,0.006767,32.160228,2015-09-30,2015-10-20,23.982926,1.310765,9.782720,3.053104,7.533278
sz002470,2016-02-03,15.260000,15.360000,14.960000,15.210000,-0.017442,7605000.000000,115190000.000000,20502000000.000000,23771000000.000000,0.005642,31.497558,2015-09-30,2015-10-20,23.488751,1.283757,9.581145,2.990194,7.378053
sz002470,2016-02-02,14.900000,15.560000,14.900000,15.480000,0.023810,12329200.000000,189420000.000000,20866000000.000000,24193000000.000000,0.009147,32.056686,2015-09-30,2015-10-20,23.905711,1.306545,9.751224,3.043274,7.509024
sz002470,2016-02-01,14.950000,15.260000,14.930000,15.120000,0.012726,7494800.000000,113250000.000000,20381000000.000000,23630000000.000000,0.005560,31.311182,2015-09-30,2015-10-20,23.349765,1.276160,9.524451,2.972500,7.334396
sz002470,2016-01-29,14.500000,15.200000,14.320000,14.930000,0.042598,12112700.000000,180000000.000000,20125000000.000000,23333000000.000000,0.008986,30.917721,2015-09-30,2015-10-20,23.056348,1.260124,9.404766,2.935147,7.242231
sz002470,2016-01-28,14.900000,15.130000,14.200000,14.320000,-0.032432,9456200.000000,139630000.000000,19302000000.000000,22380000000.000000,0.007015,29.654505,2015-09-30,2015-10-20,22.114327,1.208639,9.020512,2.815225,6.946332
sz002470,2016-01-27,15.280000,15.320000,13.990000,14.800000,-0.028871,11880400.000000,173070000.000000,19949000000.000000,23130000000.000000,0.008814,30.648511,2015-09-30,2015-10-20,22.855590,1.249152,9.322876,2.909590,7.179170
sz002470,2016-01-26,16.380000,16.470000,15.130000,15.240000,-0.082480,9627900.000000,153320000.000000,20542000000.000000,23818000000.000000,0.007143,31.559683,2015-09-30,2015-10-20,23.535080,1.286289,9.600042,2.996092,7.392605
sz002470,2016-01-25,17.090000,17.320000,16.450000,16.610000,-0.011898,7427900.000000,124570000.000000,22389000000.000000,25958999999.999996,0.005511,34.396741,2015-09-30,2015-10-20,25.650767,1.401920,10.463038,3.265425,8.057163
sz002470,2016-01-22,17.030000,17.200000,16.500000,16.810000,-0.005325,8058700.000000,135590000.000000,22659000000.000000,26272000000.000004,0.005978,34.810910,2015-09-30,2015-10-20,25.959626,1.418800,10.589023,3.304744,8.154179
sz002470,2016-01-21,17.770000,17.950000,16.880000,16.900000,-0.056920,8796000.000000,154160000.000000,22780000000.000000,26412000000.000000,0.006526,34.997286,2015-09-30,2015-10-20,26.098613,1.426396,10.645716,3.322437,8.197836
sz002470,2016-01-20,17.800000,18.430000,17.630000,17.920000,-0.001671,9839000.000000,177430000.000000,24155000000.000000,28006000000.000000,0.007299,37.109549,2015-09-30,2015-10-20,27.673795,1.512486,11.288239,3.522963,8.692617
sz002470,2016-01-19,17.750000,18.180000,17.150000,17.950000,0.042393,11151400.000000,198160000.000000,24195000000.000000,28052999999.999996,0.008273,37.171674,2015-09-30,2015-10-20,27.720124,1.515018,11.307136,3.528861,8.707169
sz002470,2016-01-18,16.690000,17.510000,16.690000,17.220000,0.007018,7879700.000000,135480000.000000,23211000000.000000,26912000000.000000,0.005846,35.659957,2015-09-30,2015-10-20,26.592788,1.453405,10.847292,3.385348,8.353062
sz002470,2016-01-15,16.770000,17.490000,16.680000,17.100000,0.016647,10740600.000000,183050000.000000,23050000000.000000,26725000000.000000,0.007968,35.411455,2015-09-30,2015-10-20,26.407472,1.443277,10.771701,3.361756,8.294852
sz002470,2016-01-14,16.200000,16.920000,15.980000,16.820000,0.019394,6959800.000000,114760000.000000,22672000000.000000,26287000000.000000,0.005163,34.831619,2015-09-30,2015-10-20,25.975069,1.419644,10.595322,3.306710,8.159030
sz002470,2016-01-13,17.220000,17.340000,16.500000,16.500000,-0.032258,4044800.000000,68500000.000000,22241000000.000000,25787000000.000000,0.003001,34.168948,2015-09-30,2015-10-20,25.480894,1.392635,10.393747,3.243800,8.003805
sz002470,2016-01-12,16.850000,17.250000,16.340000,17.050000,0.023409,6757100.000000,114430000.000000,22982000000.000000,26647000000.000004,0.005013,35.307913,2015-09-30,2015-10-20,26.330257,1.439056,10.740205,3.351927,8.270598
sz002470,2016-01-11,18.000000,18.140000,16.560000,16.660000,-0.094565,9637800.000000,168450000.000000,22457000000.000000,26037000000.000000,0.007150,34.500283,2015-09-30,2015-10-20,25.727981,1.406140,10.494534,3.275255,8.081417
sz002470,2016-01-08,18.280000,18.950000,17.510000,18.400000,0.036036,8424500.000000,154330000.000000,24802000000.000000,28756000000.000000,0.006250,38.103554,2015-09-30,2015-10-20,28.415058,1.552999,11.590602,3.617328,8.925455
sz002470,2016-01-07,18.890000,19.090000,17.500000,17.760000,-0.079316,1769200.000000,32340000.000000,23939000000.000000,27756000000.000000,0.001313,36.778213,2015-09-30,2015-10-20,27.426708,1.498982,11.187451,3.491508,8.615004
sz002470,2016-01-06,18.910000,19.370000,18.900000,19.290000,0.020095,6661700.000000,127440000.000000,26002000000.000000,30147000000.000004,0.004942,39.946607,2015-09-30,2015-10-20,29.789481,1.628117,12.151235,3.792297,9.357175
sz002470,2016-01-05,18.000000,19.080000,17.800000,18.910000,0.032205,12118600.000000,225070000.000000,25489000000.000000,29552999999.999996,0.008991,39.159686,2015-09-30,2015-10-20,29.202649,1.596044,11.911864,3.717591,9.172845
sz002470,2016-01-04,20.340000,20.340000,18.310000,18.320000,-0.099312,7763600.000000,149510000.000000,24694000000.000000,28631000000.000000,0.005760,37.937887,2015-09-30,2015-10-20,28.291514,1.546247,11.540208,3.601601,8.886649
sz002470,2015-12-31,20.280000,20.600000,20.260000,20.340000,0.003949,8384700.000000,171570000.000000,27417000000.000000,31788000000.000000,0.006220,42.120994,2015-09-30,2015-10-20,31.410993,1.716740,12.812655,3.998721,9.866508
sz002470,2015-12-30,20.180000,20.290000,20.010000,20.260000,0.006458,4735700.000000,95530000.000000,27308999999.999996,31663000000.000000,0.003513,41.955327,2015-09-30,2015-10-20,31.287449,1.709987,12.762261,3.982993,9.827702
sz002470,2015-12-29,19.990000,20.250000,19.910000,20.130000,0.006500,5155100.000000,103270000.000000,27133999999.999996,31460000000.000004,0.003824,41.686117,2015-09-30,2015-10-20,31.086691,1.699015,12.680371,3.957436,9.764642
sz002470,2015-12-28,20.810000,20.860000,20.000000,20.000000,-0.034749,8820200.000000,180130000.000000,26958999999.999996,31257000000.000000,0.006543,41.416907,2015-09-30,2015-10-20,30.885932,1.688043,12.598481,3.931879,9.701581
sz002470,2015-12-25,20.760000,20.890000,20.500000,20.720000,-0.000482,7952800.000000,164890000.000000,27929000000.000004,32382000000.000000,0.005900,42.907916,2015-09-30,2015-10-20,31.997826,1.748812,13.052026,4.073426,10.050838
sz002470,2015-12-24,20.700000,20.790000,20.200000,20.730000,0.001449,9139100.000000,187470000.000000,27943000000.000000,32398000000.000000,0.006780,42.928624,2015-09-30,2015-10-20,32.013269,1.749656,13.058325,4.075392,10.055689
sz002470,2015-12-23,21.390000,21.560000,20.660000,20.700000,-0.027713,14654600.000000,307360000.000000,27902000000.000000,32351000000.000000,0.010872,42.866499,2015-09-30,2015-10-20,31.966940,1.747124,13.039428,4.069494,10.041137
sz002470,2015-12-22,21.100000,21.430000,20.850000,21.290000,0.012845,10442500.000000,220660000.000000,28697000000.000004,33273000000.000000,0.007747,44.088297,2015-09-30,2015-10-20,32.878075,1.796922,13.411083,4.185485,10.327333
sz002470,2015-12-21,20.320000,21.140000,20.320000,21.020000,0.027370,15849800.000000,331960000.000000,28333000000.000000,32851000000.000000,0.011759,43.529169,2015-09-30,2015-10-20,32.461115,1.774133,13.241003,4.132404,10.196362
sz002470,2015-12-18,20.670000,20.670000,20.150000,20.460000,-0.007278,10066900.000000,205410000.000000,27579000000.000004,31976000000.000000,0.007468,42.369496,2015-09-30,2015-10-20,31.596309,1.726868,12.888246,4.022312,9.924718
sz002470,2015-12-17,19.940000,20.800000,19.940000,20.610000,0.039859,15290900.000000,313360000.000000,27781000000.000000,32210000000.000004,0.011344,42.680123,2015-09-30,2015-10-20,31.827953,1.739528,12.982734,4.051801,9.997480
sz002470,2015-12-16,19.780000,19.970000,19.670000,19.820000,0.003544,6120600.000000,121200000.000000,26716000000.000004,30976000000.000000,0.004541,41.044155,2015-09-30,2015-10-20,30.607959,1.672850,12.485094,3.896492,9.614267
sz002470,2015-12-15,19.630000,19.980000,19.550000,19.750000,0.005601,7126600.000000,141190000.000000,26622000000.000004,30866000000.000004,0.005287,40.899196,2015-09-30,2015-10-20,30.499858,1.666942,12.441000,3.882730,9.580312
sz002470,2015-12-14,19.080000,19.680000,18.920000,19.640000,0.016563,10986600.000000,211640000.000000,26473000000.000000,30694000000.000000,0.008151,40.671403,2015-09-30,2015-10-20,30.329985,1.657658,12.371708,3.861105,9.526953
sz002470,2015-12-11,19.190000,19.450000,18.880000,19.320000,0.008877,7726400.000000,148490000.000000,26042000000.000000,30194000000.000000,0.005732,40.008732,2015-09-30,2015-10-20,29.835810,1.630649,12.170132,3.798195,9.371728
sz002470,2015-12-10,19.200000,19.490000,19.100000,19.150000,-0.009824,5606100.000000,108340000.000000,25813000000.000000,29929000000.000004,0.004159,39.656688,2015-09-30,2015-10-20,29.573280,1.616301,12.063045,3.764774,9.289264
sz002470,2015-12-09,18.800000,19.500000,18.710000,19.340000,0.020580,8993100.000000,172250000.000000,26069000000.000000,30226000000.000000,0.006672,40.050149,2015-09-30,2015-10-20,29.866696,1.632337,12.182731,3.802127,9.381429
sz002470,2015-12-08,19.730000,19.740000,18.900000,18.950000,-0.045821,9609100.000000,184900000.000000,25543000000.000000,29616000000.000004,0.007129,39.242519,2015-09-30,2015-10-20,29.264421,1.599421,11.937061,3.725455,9.192248
sz002470,2015-12-07,19.760000,20.040000,19.520000,19.860000,-0.004511,10639200.000000,210600000.000000,26770000000.000000,31038000000.000000,0.007893,41.126989,2015-09-30,2015-10-20,30.669731,1.676226,12.510291,3.904355,9.633670
sz002470,2015-12-04,19.600000,20.210000,19.300000,19.950000,0.013205,14449200.000000,285920000.000000,26891000000.000004,31179000000.000004,0.010720,41.313365,2015-09-30,2015-10-20,30.808717,1.683823,12.566985,3.922049,9.677327
sz002470,2015-12-03,19.360000,19.700000,19.140000,19.690000,0.015472,10944600.000000,213590000.000000,26541000000.000004,30773000000.000000,0.008119,40.774945,2015-09-30,2015-10-20,30.407200,1.661878,12.403204,3.870935,9.551207
sz002470,2015-12-02,19.010000,19.470000,18.800000,19.390000,0.027013,13265500.000000,254510000.000000,26136000000.000000,30304000000.000004,0.009842,40.153691,2015-09-30,2015-10-20,29.943911,1.636557,12.214227,3.811956,9.405683
sz002470,2015-12-01,18.790000,19.020000,18.400000,18.880000,0.009626,13644300.000000,255410000.000000,25449000000.000000,29507000000.000000,0.010122,39.097560,2015-09-30,2015-10-20,29.156320,1.593512,11.892966,3.711693,9.158293
sz002470,2015-11-30,19.310000,19.490000,17.800000,18.700000,-0.031088,18557500.000000,347210000.000000,25206000000.000000,29225000000.000000,0.013768,38.724808,2015-09-30,2015-10-20,28.878346,1.578320,11.779580,3.676307,9.070979
sz002470,2015-11-27,20.510000,20.690000,19.230000,19.300000,-0.067633,15269200.000000,307110000.000000,26014999999.999996,30163000000.000000,0.011328,39.967315,2015-09-30,2015-10-20,29.804924,1.628961,12.157534,3.794263,9.362026
sz002470,2015-11-26,21.270000,21.500000,20.600000,20.700000,-0.020350,19956500.000000,417990000.000000,27902000000.000000,32351000000.000000,0.014805,42.866499,2015-09-30,2015-10-20,31.966940,1.747124,13.039428,4.069494,10.041137
sz002470,2015-11-25,20.960000,21.180000,20.800000,21.130000,0.014890,15068500.000000,316630000.000000,28482000000.000000,33023000000.000000,0.011179,43.756962,2015-09-30,2015-10-20,32.630987,1.783417,13.310295,4.154030,10.249721
sz002470,2015-11-24,21.200000,21.200000,20.670000,20.820000,-0.023910,19736100.000000,410560000.000000,28064000000.000000,32539000000.000000,0.014642,43.115000,2015-09-30,2015-10-20,32.152255,1.757253,13.115018,4.093086,10.099346
sz002470,2015-11-23,21.280000,21.740000,20.890000,21.330000,-0.004202,11568900.000000,246250000.000000,25278000000.000000,33336000000.000000,0.009762,44.171131,2015-09-30,2015-10-20,32.939847,1.800298,13.436280,4.193349,10.346737
sz002470,2015-11-20,21.940000,21.940000,21.300000,21.420000,-0.023701,18288600.000000,394350000.000000,25384000000.000000,33476000000.000000,0.015433,44.357507,2015-09-30,2015-10-20,33.078833,1.807894,13.492973,4.211042,10.390394
sz002470,2015-11-19,21.660000,22.030000,21.550000,21.940000,0.006422,14084200.000000,306790000.000000,26001000000.000000,34289000000.000000,0.011884,45.434347,2015-09-30,2015-10-20,33.881867,1.851783,13.820533,4.313271,10.642635
sz002470,2015-11-18,22.400000,22.440000,21.550000,21.800000,-0.031111,20963900.000000,460340000.000000,25835000000.000004,34070000000.000000,0.017690,45.144429,2015-09-30,2015-10-20,33.665666,1.839967,13.732344,4.285748,10.574724
sz002470,2015-11-17,21.300000,22.500000,21.250000,22.500000,0.063830,39884400.000000,874720000.000000,26664000000.000000,35164000000.000000,0.033656,46.594020,2015-09-30,2015-10-20,34.746674,1.899048,14.173291,4.423363,10.914279
sz002470,2015-11-16,20.900000,21.240000,20.750000,21.150000,-0.004706,8042800.000000,168850000.000000,25064000000.000000,33054000000.000004,0.006787,43.798379,2015-09-30,2015-10-20,32.661873,1.785105,13.322893,4.157962,10.259422
sz002470,2015-11-13,20.900000,21.350000,20.680000,21.250000,0.005679,11959200.000000,251570000.000000,25183000000.000000,33211000000.000000,0.010091,44.005464,2015-09-30,2015-10-20,32.816303,1.793545,13.385886,4.177621,10.307930
sz002470,2015-11-12,21.370000,21.450000,20.920000,21.130000,-0.011231,13796000.000000,291170000.000000,25041000000.000000,33023000000.000000,0.011641,43.756962,2015-09-30,2015-10-20,32.630987,1.783417,13.310295,4.154030,10.249721
sz002470,2015-11-11,21.700000,21.700000,21.020000,21.370000,-0.023309,24560300.000000,523500000.000000,25325000000.000000,33398000000.000000,0.020725,44.253965,2015-09-30,2015-10-20,33.001618,1.803674,13.461477,4.201212,10.366140
sz002470,2015-11-10,22.110000,22.550000,21.830000,21.880000,0.001373,20783000.000000,460370000.000000,25930000000.000000,34195000000.000000,0.017537,45.310096,2015-09-30,2015-10-20,33.789210,1.846719,13.782738,4.301475,10.613530
sz002470,2015-11-09,21.630000,22.220000,21.500000,21.850000,-0.000457,17226500.000000,377100000.000000,25894000000.000000,34148000000.000000,0.014536,45.247971,2015-09-30,2015-10-20,33.742881,1.844187,13.763840,4.295577,10.598978
sz002470,2015-11-06,21.620000,22.000000,21.500000,21.860000,0.005520,18396500.000000,399520000.000000,25906000000.000000,34164000000.000000,0.015523,45.268679,2015-09-30,2015-10-20,33.758324,1.845031,13.770139,4.297543,10.603828
sz002470,2015-11-05,22.430000,22.430000,21.500000,21.740000,-0.026858,18681200.000000,409730000.000000,25764000000.000000,33976000000.000000,0.015763,45.020178,2015-09-30,2015-10-20,33.573008,1.834902,13.694549,4.273952,10.545619
sz002470,2015-11-04,21.730000,22.350000,21.480000,22.340000,0.028545,16810500.000000,369480000.000000,26475000000.000000,34914000000.000000,0.014185,46.262685,2015-09-30,2015-10-20,34.499586,1.885544,14.072503,4.391908,10.836666
sz002470,2015-11-03,21.600000,22.210000,21.410000,21.720000,0.018762,12330800.000000,270390000.000000,25739999999.999996,33945000000.000000,0.010405,44.978761,2015-09-30,2015-10-20,33.542122,1.833214,13.681950,4.270020,10.535917
sz002470,2015-11-02,20.740000,22.270000,20.600000,21.320000,0.013790,10644300.000000,230750000.000000,25266000000.000000,33320000000.000000,0.008982,44.150423,2015-09-30,2015-10-20,32.924404,1.799454,13.429980,4.191383,10.341886
sz002470,2015-10-30,21.240000,21.620000,20.710000,21.030000,-0.007082,7308500.000000,154980000.000000,24922000000.000000,32867000000.000000,0.006167,43.549878,2015-09-30,2015-10-20,32.476558,1.774977,13.247303,4.134370,10.201213
sz002470,2015-10-29,21.200000,21.600000,20.800000,21.180000,-0.001414,8117700.000000,172090000.000000,25100000000.000000,33101000000.000000,0.006850,43.860504,2015-09-30,2015-10-20,32.708202,1.787637,13.341791,4.163859,10.273975
sz002470,2015-10-28,21.700000,22.220000,21.010000,21.210000,-0.031507,13161300.000000,286470000.000000,25136000000.000000,33148000000.000000,0.011106,43.922630,2015-09-30,2015-10-20,32.754531,1.790169,13.360689,4.169757,10.288527
sz002470,2015-10-27,22.000000,22.100000,21.210000,21.900000,-0.021885,14258900.000000,310010000.000000,25952999999.999996,34226000000.000000,0.012032,45.351513,2015-09-30,2015-10-20,33.820096,1.848407,13.795336,4.305407,10.623232
sz002470,2015-10-26,22.280000,22.990000,21.500000,22.390000,0.027064,26137700.000000,581710000.000000,26533999999.999996,34992000000.000000,0.022056,46.366227,2015-09-30,2015-10-20,34.576801,1.889764,14.103999,4.401738,10.860920
sz002470,2015-10-23,20.970000,21.830000,20.500000,21.800000,0.043062,19188300.000000,406070000.000000,25835000000.000004,34070000000.000000,0.016191,45.144429,2015-09-30,2015-10-20,33.665666,1.839967,13.732344,4.285748,10.574724
sz002470,2015-10-22,20.130000,20.970000,20.050000,20.900000,0.045000,12634700.000000,259780000.000000,24768000000.000000,32664000000.000000,0.010662,43.280668,2015-09-30,2015-10-20,32.275799,1.764005,13.165412,4.108813,10.138153
sz002470,2015-10-21,21.310000,21.400000,19.520000,20.000000,-0.061033,16722600.000000,344650000.000000,23702000000.000000,31257000000.000000,0.014111,41.416907,2015-09-30,2015-10-20,30.885932,1.688043,12.598481,3.931879,9.701581
sz002470,2015-10-20,20.450000,21.370000,20.300000,21.300000,0.057597,19221100.000000,399090000.000000,25242000000.000000,33289000000.000000,0.016219,44.109006,2015-09-30,2015-10-20,32.893518,1.797766,13.417382,4.187451,10.332184
sz002470,2015-10-19,20.800000,20.800000,19.880000,20.140000,-0.029398,15369000.000000,310340000.000000,23868000000.000000,31476000000.000000,0.012968,41.706825,2015-06-30,2015-07-22,24.054597,1.493691,123.794479,4.213186,9.769492
sz002470,2015-10-16,20.710000,20.960000,20.250000,20.750000,0.001931,11316800.000000,233400000.000000,24590000000.000000,32429000000.000004,0.009550,42.970041,2015-06-30,2015-07-22,24.783162,1.538932,127.543964,4.340794,10.065391
sz002470,2015-10-15,20.210000,20.830000,19.610000,20.710000,0.020197,19430700.000000,392610000.000000,24543000000.000000,32367000000.000000,0.016396,42.887207,2015-06-30,2015-07-22,24.735387,1.535965,127.298096,4.332427,10.045988
sz002470,2015-10-14,21.100000,21.410000,20.160000,20.300000,-0.012165,13132700.000000,272650000.000000,24057000000.000000,31726000000.000000,0.011082,42.038161,2015-06-30,2015-07-22,24.245696,1.505557,124.777951,4.246657,9.847105
sz002470,2015-10-13,20.380000,21.020000,19.980000,20.550000,0.007847,10240000.000000,211300000.000000,24353000000.000000,32117000000.000000,0.008641,42.555872,2015-06-30,2015-07-22,24.544288,1.524098,126.314625,4.298955,9.968375
sz002470,2015-10-12,19.250000,20.710000,19.250000,20.390000,0.082847,17093300.000000,343440000.000000,24164000000.000000,31867000000.000000,0.014424,42.224537,2015-06-30,2015-07-22,24.353189,1.512232,125.331153,4.265484,9.890762
sz002470,2015-10-09,18.120000,19.200000,17.860000,18.830000,0.038610,10426800.000000,194270000.000000,22315000000.000000,29427999999.999996,0.008798,38.994018,2015-06-30,2015-07-22,22.489973,1.396534,115.742306,3.939140,9.134039
sz002470,2015-10-08,18.310000,18.850000,17.610000,18.130000,0.019112,14678700.000000,269060000.000000,21485000000.000000,28333999999.999996,0.012387,37.544426,2015-06-30,2015-07-22,21.653915,1.344618,111.439618,3.792704,8.794484
sz002470,2015-09-30,17.500000,17.920000,17.430000,17.790000,0.013675,5330300.000000,94650000.000000,21083000000.000000,27802999999.999996,0.004498,36.840339,2015-06-30,2015-07-22,21.247829,1.319402,109.349741,3.721577,8.629557
sz002470,2015-09-29,17.330000,17.750000,16.840000,17.550000,0.007463,5396600.000000,93610000.000000,20798000000.000000,27427999999.999996,0.004554,36.343336,2015-06-30,2015-07-22,20.961181,1.301602,107.874534,3.671371,8.513138
sz002470,2015-09-28,17.120000,17.700000,17.080000,17.420000,0.018118,5084600.000000,88660000.000000,20644000000.000000,27225000000.000000,0.004291,36.074126,2015-06-30,2015-07-22,20.805913,1.291961,107.075463,3.644175,8.450077
sz002470,2015-09-25,17.580000,17.750000,16.850000,17.110000,-0.037141,5306300.000000,91950000.000000,20277000000.000000,26739999999.999996,0.004478,35.432164,2015-06-30,2015-07-22,20.435658,1.268970,105.169987,3.579325,8.299703
sz002470,2015-09-24,17.160000,17.890000,17.090000,17.770000,0.033140,6860400.000000,120660000.000000,21059000000.000000,27772000000.000004,0.005789,36.798922,2015-06-30,2015-07-22,21.223942,1.317919,109.226807,3.717394,8.619855
sz002470,2015-09-23,17.110000,17.410000,17.020000,17.200000,-0.017704,3807600.000000,65540000.000000,20383000000.000000,26881000000.000000,0.003213,35.618540,2015-06-30,2015-07-22,20.543151,1.275644,105.723190,3.598152,8.343360
sz002470,2015-09-22,17.650000,17.930000,17.420000,17.510000,-0.003982,4547700.000000,80190000.000000,20751000000.000000,27366000000.000004,0.003837,36.260502,2015-06-30,2015-07-22,20.913406,1.298636,107.628666,3.663003,8.493735
sz002470,2015-09-21,16.900000,17.800000,16.800000,17.580000,0.030481,6921600.000000,121320000.000000,20834000000.000000,27475000000.000000,0.005841,36.405461,2015-06-30,2015-07-22,20.997012,1.303827,108.058935,3.677647,8.527690
sz002470,2015-09-18,16.950000,17.490000,16.950000,17.060000,0.007679,4007400.000000,68910000.000000,20217000000.000000,26662000000.000000,0.003382,35.328622,2015-06-30,2015-07-22,20.375940,1.265261,104.862652,3.568865,8.275449
sz002470,2015-09-17,17.500000,17.790000,16.930000,16.930000,-0.033124,6474100.000000,112920000.000000,20063000000.000000,26458999999.999996,0.005463,35.059412,2015-06-30,2015-07-22,20.220672,1.255620,104.063581,3.541670,8.212389
sz002470,2015-09-16,16.300000,17.790000,16.130000,17.510000,0.074233,6305100.000000,106370000.000000,20751000000.000000,27366000000.000004,0.005320,36.260502,2015-06-30,2015-07-22,20.913406,1.298636,107.628666,3.663003,8.493735
sz002470,2015-09-15,16.840000,17.120000,16.150000,16.300000,-0.051774,4829000.000000,79820000.000000,19317000000.000000,25474000000.000000,0.004075,33.754779,2015-06-30,2015-07-22,19.468219,1.208896,100.191162,3.409877,7.906789
sz002470,2015-09-14,18.030000,18.030000,16.720000,17.190000,-0.036975,10765600.000000,185160000.000000,20372000000.000000,26864999999.999996,0.009084,35.597832,2015-06-30,2015-07-22,20.531208,1.274903,105.661723,3.596061,8.338509
sz002470,2015-09-11,18.000000,18.200000,17.580000,17.850000,-0.008333,4447700.000000,79520000.000000,21154000000.000000,27897000000.000004,0.003753,36.964589,2015-06-30,2015-07-22,21.319491,1.323852,109.718543,3.734129,8.658661
sz002470,2015-09-10,18.080000,18.490000,17.900000,18.000000,-0.026501,5532100.000000,100840000.000000,21331000000.000000,28131000000.000000,0.004668,37.275216,2015-06-30,2015-07-22,21.498647,1.334977,110.640547,3.765508,8.731423
sz002470,2015-09-09,17.680000,18.550000,17.500000,18.490000,0.044633,12713200.000000,231300000.000000,21912000000.000000,28897000000.000004,0.010728,38.289930,2015-06-30,2015-07-22,22.083888,1.371318,113.652429,3.868014,8.969112
sz002470,2015-09-08,17.000000,17.850000,16.000000,17.700000,0.013746,10217200.000000,174040000.000000,20976000000.000000,27662000000.000000,0.008621,36.653963,2015-06-30,2015-07-22,21.140336,1.312727,108.796538,3.702750,8.585900
sz002470,2015-09-07,18.300000,19.350000,17.010000,17.460000,-0.070288,20547800.000000,372060000.000000,20691000000.000000,27287000000.000000,0.017339,36.156960,2015-06-30,2015-07-22,20.853687,1.294927,107.321331,3.652543,8.469481
sz002470,2015-09-02,17.260000,19.050000,16.870000,18.780000,0.033572,24342900.000000,449510000.000000,22256000000.000000,29350000000.000000,0.020541,38.890476,2015-06-30,2015-07-22,22.430255,1.392826,115.434971,3.928680,9.109785
sz002470,2015-09-01,17.410000,18.180000,16.450000,18.170000,0.015651,14876200.000000,261550000.000000,21533000000.000000,28397000000.000004,0.012553,37.627260,2015-06-30,2015-07-22,21.701690,1.347585,111.685486,3.801072,8.813887
sz002470,2015-08-31,18.100000,18.100000,16.700000,17.890000,-0.006111,12630500.000000,220120000.000000,21201000000.000000,27958999999.999996,0.010658,37.047423,2015-06-30,2015-07-22,21.367266,1.326819,109.964411,3.742497,8.678065
sz002470,2015-08-28,17.200000,18.220000,17.150000,18.000000,0.070791,13123100.000000,231900000.000000,21331000000.000000,28131000000.000000,0.011074,37.275216,2015-06-30,2015-07-22,21.498647,1.334977,110.640547,3.765508,8.731423
sz002470,2015-08-27,16.300000,16.820000,16.170000,16.810000,0.049969,11194300.000000,185240000.000000,19921000000.000000,26272000000.000004,0.009446,34.810910,2015-06-30,2015-07-22,20.077347,1.246720,103.325978,3.516566,8.154179
sz002470,2015-08-26,16.100000,16.590000,15.100000,16.010000,0.024312,17674000.000000,282360000.000000,18973000000.000000,25021000000.000000,0.014914,33.154234,2015-06-30,2015-07-22,19.121852,1.187388,98.408620,3.349211,7.766116
sz002470,2015-08-25,16.000000,16.630000,15.630000,15.630000,-0.100173,27797000.000000,440580000.000000,18523000000.000000,24427000000.000000,0.023456,32.367313,2015-06-30,2015-07-22,18.667992,1.159205,96.072875,3.269716,7.581786
sz002470,2015-08-24,18.400000,18.460000,17.370000,17.370000,-0.100000,19910500.000000,348120000.000000,20585000000.000000,27147000000.000004,0.016801,35.970584,2015-06-30,2015-07-22,20.746194,1.288253,106.768128,3.633716,8.425823
sz002470,2015-08-21,21.090000,21.260000,19.250000,19.300000,-0.094322,16211900.000000,326010000.000000,22872000000.000000,30163000000.000000,0.013680,39.967315,2015-06-30,2015-07-22,23.051327,1.431392,118.631253,4.037462,9.362026
sz002470,2015-08-20,21.960000,22.250000,21.270000,21.310000,-0.042677,8944800.000000,195300000.000000,25254000000.000000,33304000000.000004,0.007548,44.129714,2015-06-30,2015-07-22,25.452009,1.580464,130.986115,4.457944,10.337035
sz002470,2015-08-19,21.150000,22.390000,20.480000,22.260000,0.023448,13281400.000000,288200000.000000,26380000000.000000,34789000000.000000,0.011207,46.097017,2015-06-30,2015-07-22,26.586660,1.650921,136.825477,4.656679,10.797860
sz002470,2015-08-18,24.130000,24.530000,21.490000,21.750000,-0.089196,15623600.000000,364940000.000000,25775000000.000000,33992000000.000000,0.013184,45.040886,2015-06-30,2015-07-22,25.977532,1.613097,133.690661,4.549989,10.550470
sz002470,2015-08-17,24.010000,24.190000,23.550000,23.880000,-0.012815,10117400.000000,240930000.000000,28300000000.000000,37321000000.000000,0.008537,49.451787,2015-06-30,2015-07-22,28.521538,1.771069,146.783126,4.995574,11.583688
sz002470,2015-08-14,24.760000,24.800000,24.110000,24.190000,-0.017864,13978000.000000,340710000.000000,28667000000.000000,37805000000.000000,0.011795,50.093749,2015-06-30,2015-07-22,28.891793,1.794060,148.688602,5.060425,11.734063
sz002470,2015-08-13,24.460000,24.900000,23.500000,24.630000,0.006950,18620100.000000,450570000.000000,29189000000.000000,38493000000.000000,0.015712,51.004921,2015-06-30,2015-07-22,29.417315,1.826693,151.393149,5.152471,11.947498
sz002470,2015-08-12,25.000000,25.120000,24.310000,24.460000,-0.031671,14114600.000000,348550000.000000,28987000000.000000,38227000000.000000,0.011910,50.652877,2015-06-30,2015-07-22,29.214272,1.814085,150.348210,5.116908,11.865034
sz002470,2015-08-11,25.850000,25.850000,25.050000,25.260000,-0.025463,21851500.000000,555490000.000000,29935000000.000004,39478000000.000000,0.018439,52.309553,2015-06-30,2015-07-22,30.169768,1.873417,155.265568,5.284263,12.253097
sz002470,2015-08-10,24.920000,26.100000,24.920000,25.920000,0.038462,24028900.000000,616050000.000000,30717000000.000000,40509000000.000000,0.020276,53.676311,2015-06-30,2015-07-22,30.958051,1.922367,159.322388,5.422332,12.573250
sz002470,2015-08-07,24.860000,25.150000,24.500000,24.960000,0.018776,13569900.000000,336880000.000000,29580000000.000000,39009000000.000000,0.011450,51.688300,2015-06-30,2015-07-22,29.811457,1.851168,153.421559,5.221505,12.107574
sz002470,2015-08-06,24.400000,24.990000,24.150000,24.500000,-0.017248,11195800.000000,274880000.000000,29033999999.999996,38290000000.000000,0.009447,50.735711,2015-06-30,2015-07-22,29.262047,1.817052,150.594078,5.125275,11.884437
sz002470,2015-08-05,26.120000,26.120000,24.800000,24.930000,-0.044828,19061800.000000,484290000.000000,29544000000.000000,38962000000.000000,0.016085,51.626175,2015-06-30,2015-07-22,29.775626,1.848943,153.237158,5.215229,12.093021
sz002470,2015-08-04,25.580000,26.510000,24.700000,26.100000,0.020328,27763200.000000,714490000.000000,30931000000.000000,40790000000.000000,0.023427,54.049064,2015-06-30,2015-07-22,31.173038,1.935716,160.428794,5.459987,12.660564
sz002470,2015-08-03,24.010000,25.600000,23.930000,25.580000,0.050082,19388500.000000,480260000.000000,30314000000.000000,39978000000.000000,0.016361,52.972224,2015-06-30,2015-07-22,30.551966,1.897150,157.232511,5.351206,12.408323
sz002470,2015-07-31,24.070000,24.470000,23.570000,24.360000,0.012469,17026400.000000,410120000.000000,28869000000.000000,38071000000.000000,0.014367,50.445793,2015-06-30,2015-07-22,29.094835,1.806669,149.733541,5.095988,11.816526
sz002470,2015-07-30,25.070000,25.730000,24.010000,24.060000,-0.029839,20616400.000000,519100000.000000,28513000000.000000,37602000000.000000,0.017397,49.824539,2015-06-30,2015-07-22,28.736525,1.784419,147.889532,5.033230,11.671002
sz002470,2015-07-29,24.000000,24.830000,23.470000,24.800000,0.046855,16249900.000000,391610000.000000,29389999999.999996,38759000000.000000,0.013712,51.356965,2015-06-30,2015-07-22,29.620358,1.839301,152.438087,5.188034,12.029961
sz002470,2015-07-28,22.290000,24.100000,21.000000,23.690000,0.040861,29424500.000000,668860000.000000,28075000000.000000,37024000000.000000,0.024829,49.058326,2015-06-30,2015-07-22,28.294608,1.756978,145.615254,4.955827,11.491523
sz002470,2015-07-27,24.910000,25.830000,22.760000,22.760000,-0.100040,25712500.000000,632570000.000000,26972000000.000004,35570000000.000000,0.021697,47.132440,2015-06-30,2015-07-22,27.183844,1.688004,139.898825,4.761276,11.040400
sz002470,2015-07-24,26.550000,26.670000,24.980000,25.290000,-0.037305,32165300.000000,830250000.000000,29970999999.999996,39524000000.000000,0.027142,52.371679,2015-06-30,2015-07-22,30.205599,1.875642,155.449969,5.290539,12.267650
sz002470,2015-07-23,24.750000,26.990000,24.600000,26.270000,0.069190,36097000.000000,938450000.000000,31132000000.000000,41056000000.000000,0.030460,54.401107,2015-06-30,2015-07-22,31.376081,1.948324,161.473732,5.495550,12.743027
sz002470,2015-07-22,25.120000,25.120000,23.800000,24.570000,0.000815,35462300.000000,869010000.000000,29117000000.000000,38399000000.000000,0.029924,50.880670,2015-06-30,2015-07-22,29.345653,1.822243,151.024347,5.139919,11.918393
sz002470,2015-07-21,24.560000,24.560000,23.560000,24.550000,0.099418,49035000.000000,1192080000.000000,29094000000.000000,38368000000.000000,0.041377,50.839253,2015-03-31,2015-04-17,41.828604,2.692463,45.765833,5.310795,11.908691
sz002470,2015-07-20,22.330000,22.330000,22.330000,22.330000,0.100000,1294400.000000,28900000.000000,26463000000.000000,34898000000.000000,0.001092,46.241977,2015-03-31,2015-04-17,38.046139,2.448990,41.627334,4.830552,10.831816
sz002470,2015-07-02,20.200000,20.850000,18.780000,20.300000,0.009950,24352200.000000,490130000.000000,24057000000.000000,31726000000.000000,0.020549,42.038161,2015-03-31,2015-04-17,34.587399,2.226354,37.843031,4.391411,9.847105
sz002470,2015-07-01,21.400000,22.380000,19.990000,20.100000,-0.074159,22596600.000000,485960000.000000,23820000000.000000,31413000000.000000,0.019068,41.623991,2015-03-31,2015-04-17,34.246637,2.204420,37.470194,4.348146,9.750089
sz002470,2015-06-30,19.800000,21.790000,17.830000,21.710000,0.095911,27352300.000000,539460000.000000,25727999999.999996,33929000000.000004,0.023081,44.958053,2015-03-31,2015-04-17,36.989775,2.380992,40.471537,4.696430,10.531067
sz002470,2015-06-29,22.870000,22.870000,19.600000,19.810000,-0.090450,24739700.000000,518130000.000000,23476000000.000000,30960000000.000004,0.020876,41.023446,2015-03-31,2015-04-17,33.752531,2.172615,36.929579,4.285411,9.609416
sz002470,2015-06-26,23.770000,23.770000,21.780000,21.780000,-0.100000,22412200.000000,503210000.000000,25811000000.000000,34039000000.000000,0.018912,45.103012,2015-03-31,2015-04-17,37.109042,2.388670,40.602031,4.711573,10.565022
sz002470,2015-06-25,25.050000,25.200000,23.580000,24.200000,-0.028503,14605100.000000,358020000.000000,28679000000.000004,37821000000.000000,0.012324,50.114457,2015-03-31,2015-04-17,41.232269,2.654077,45.113367,5.235081,11.738914
sz002470,2015-06-24,24.800000,25.240000,24.200000,24.910000,0.014664,16439100.000000,407870000.000000,29520000000.000000,38931000000.000000,0.013872,51.584758,2015-03-31,2015-04-17,42.441976,2.731945,46.436941,5.388672,12.083320
sz002470,2015-06-23,24.080000,24.770000,22.570000,24.550000,0.019095,19104000.000000,458840000.000000,29094000000.000000,38368000000.000000,0.016120,50.839253,2015-03-31,2015-04-17,41.828604,2.692463,45.765833,5.310795,11.908691
sz002470,2015-06-19,25.460000,26.070000,23.800000,24.090000,-0.055294,19363200.000000,480600000.000000,28549000000.000000,37649000000.000000,0.016339,49.886664,2015-03-31,2015-04-17,41.044850,2.642013,44.908307,5.211285,11.685555
sz002470,2015-06-18,26.560000,27.390000,25.480000,25.500000,-0.021489,22981700.000000,613290000.000000,30220000000.000000,39853000000.000000,0.019392,52.806556,2015-03-31,2015-04-17,43.447226,2.796652,47.536813,5.516304,12.369516
sz002470,2015-06-17,25.540000,26.620000,24.500000,26.060000,0.019961,20201900.000000,516680000.000000,30883000000.000000,40728000000.000000,0.017047,53.966230,2015-03-31,2015-04-17,44.401361,2.858068,48.580758,5.637446,12.641161
sz002470,2015-06-16,26.500000,27.110000,25.000000,25.550000,-0.057543,20624900.000000,540110000.000000,30279000000.000004,39931000000.000000,0.017404,52.910099,2015-03-31,2015-04-17,43.532417,2.802135,47.630022,5.527120,12.393770
sz002470,2015-06-15,28.500000,28.600000,26.800000,27.110000,-0.047770,21240900.000000,584730000.000000,32127999999.999996,42369000000.000000,0.017923,56.140617,2015-03-31,2015-04-17,46.190364,2.973225,50.538157,5.864588,13.150494
sz002470,2015-06-12,28.840000,29.140000,28.350000,28.470000,-0.008705,20942000.000000,599820000.000000,33739000000.000000,44494000000.000000,0.017672,58.956967,2015-03-31,2015-04-17,48.507550,3.122379,53.073453,6.158791,13.810201
sz002470,2015-06-11,28.180000,28.800000,27.920000,28.720000,0.017718,24019900.000000,680680000.000000,34035000000.000004,44885000000.000000,0.020269,59.474678,2015-03-31,2015-04-17,48.933503,3.149798,53.539501,6.212873,13.931471
sz002470,2015-06-10,27.390000,28.550000,27.060000,28.220000,0.026182,24404400.000000,681040000.000000,33443000000.000000,44104000000.000000,0.020593,58.439256,2015-03-31,2015-04-17,48.081597,3.094961,52.607406,6.104710,13.688931
sz002470,2015-06-09,27.300000,27.880000,27.000000,27.500000,0.003283,16848500.000000,461940000.000000,32589999999.999996,42978000000.000000,0.014217,56.948247,2015-03-31,2015-04-17,46.854851,3.015997,51.265190,5.948955,13.339674
sz002470,2015-06-08,28.380000,28.380000,27.010000,27.410000,-0.034179,20429700.000000,561080000.000000,32483000000.000000,42838000000.000000,0.017239,56.761871,2015-03-31,2015-04-17,46.701508,3.006126,51.097413,5.929486,13.296017
sz002470,2015-06-05,28.180000,28.940000,27.500000,28.380000,0.013210,23848600.000000,674800000.000000,33633000000.000000,44354000000.000000,0.020124,58.770591,2015-03-31,2015-04-17,48.354207,3.112509,52.905676,6.139322,13.766544
sz002470,2015-06-04,28.760000,28.900000,25.880000,28.010000,-0.026078,23917400.000000,655390000.000000,33194000000.000000,43775000000.000000,0.020182,58.004378,2015-03-31,2015-04-17,47.723796,3.071930,52.215927,6.059281,13.587065
sz002470,2015-06-03,29.510000,29.840000,28.380000,28.760000,-0.024754,24040400.000000,695180000.000000,34083000000.000000,44948000000.000000,0.020286,59.557512,2015-03-31,2015-04-17,49.001656,3.154184,53.614068,6.221526,13.950874
sz002470,2015-06-02,29.350000,29.890000,28.500000,29.490000,0.006485,27856600.000000,809940000.000000,34948000000.000000,46088000000.000000,0.023506,61.069229,2015-03-31,2015-04-17,50.245439,3.234245,54.974926,6.379443,14.304982
sz002470,2015-06-01,28.520000,29.730000,28.420000,29.300000,0.027710,24784700.000000,720800000.000000,34723000000.000000,45792000000.000000,0.020914,60.675769,2015-03-31,2015-04-17,49.921714,3.213408,54.620730,6.338342,14.212817
sz002470,2015-05-29,27.650000,28.970000,25.900000,28.510000,0.018942,28920200.000000,808710000.000000,33787000000.000000,44557000000.000000,0.024403,59.039801,2015-03-31,2015-04-17,48.575702,3.126766,53.148021,6.167444,13.829604
sz002470,2015-05-28,31.080000,31.080000,27.980000,27.980000,-0.100032,38302100.000000,1139620000.000000,33158999999.999996,43729000000.000000,0.032320,57.942253,2015-03-31,2015-04-17,47.672682,3.068640,52.160001,6.052792,13.572512
sz002470,2015-05-27,31.060000,32.880000,31.000000,31.090000,0.030152,45891300.000000,1454710000.000000,36844000000.000000,48589000000.000000,0.038724,64.382582,2015-03-31,2015-04-17,52.971539,3.409722,57.957628,6.725564,15.081108
sz002470,2015-05-26,29.000000,30.500000,28.600000,30.180000,0.045376,40815500.000000,1208520000.000000,35766000000.000000,47167000000.000000,0.034441,62.498113,2015-03-31,2015-04-17,51.421070,3.309920,56.261216,6.528708,14.639686
sz002470,2015-05-25,28.000000,29.500000,27.600000,28.870000,-0.003796,35643900.000000,1022380000.000000,34213000000.000000,45119000000.000000,0.030077,59.785305,2015-03-31,2015-04-17,49.189075,3.166248,53.819129,6.245322,14.004233
sz002470,2015-05-22,29.510000,30.980000,28.200000,28.980000,-0.002410,58448900.000000,1714920000.000000,34344000000.000000,45291000000.000000,0.049320,60.013098,2015-03-31,2015-04-17,49.376494,3.178312,54.024190,6.269117,14.057591
sz002470,2015-05-21,54.370000,58.250000,54.370000,58.250000,0.100094,19554900.000000,1112830000.000000,34515000000.000000,45518000000.000000,0.033002,60.158057,2015-03-31,2015-04-17,49.495761,3.185989,54.154683,6.284260,14.091547
sz002470,2015-05-20,50.040000,53.830000,50.030000,52.950000,0.058365,13864219.000000,723053000.170000,31374993000.000000,41376343830.000000,0.023398,54.684449,2015-03-31,2015-04-17,44.992284,2.896105,49.227304,5.712473,12.809398
sz002470,2015-05-19,51.030000,51.030000,48.800000,50.030000,-0.019788,13836238.000000,689832767.930000,29644776200.000000,39094588890.000000,0.023351,51.668799,2015-03-31,2015-04-17,42.511123,2.736396,46.512596,5.397451,12.103006
sz002470,2015-05-18,46.310000,51.700000,46.210000,51.040000,0.084573,12722985.000000,620111085.650000,30243241600.000000,39883826040.000000,0.021472,52.711862,2015-03-31,2015-04-17,43.369315,2.791637,47.451568,5.506412,12.347335
sz002470,2015-05-15,47.950000,48.250000,46.210000,47.060000,-0.004021,13818771.000000,654974394.020000,27884932400.000000,36773762800.000000,0.023321,48.601488,2015-03-31,2015-04-17,39.987456,2.573950,43.751382,5.077032,11.384512
sz002470,2015-05-14,45.000000,47.450000,44.650000,47.250000,0.058231,17087966.000000,789863610.020000,27997515000.000000,36922233160.000000,0.028839,48.797703,2015-03-31,2015-04-17,40.148894,2.584342,43.928017,5.097529,11.430474
sz002470,2015-05-13,44.510000,46.200000,43.520000,44.650000,-0.008219,11043759.000000,495074510.540000,26456911000.000000,34890533560.000000,0.018638,46.112525,2015-03-31,2015-04-17,37.939632,2.442134,41.510801,4.817029,10.801493
sz002470,2015-05-12,42.690000,45.500000,41.700000,45.020000,0.062294,10650806.000000,461385288.810000,26676150800.000000,35179660040.000000,0.017975,46.494665,2015-03-31,2015-04-17,38.254041,2.462372,41.854806,4.856948,10.891006
sz002470,2015-05-11,41.080000,42.570000,41.000000,42.380000,0.021205,8161429.000000,341742345.770000,25111845200.000000,33116703520.000000,0.013774,43.768170,2015-03-31,2015-04-17,36.010786,2.317976,39.400398,4.572132,10.252346
sz002470,2015-05-08,40.700000,41.500000,40.180000,41.500000,0.041405,6214179.000000,253865028.270000,24590410000.000000,32429051350.000000,0.010487,42.859338,2015-03-31,2015-04-17,35.263033,2.269844,38.582261,4.477193,10.039459
sz002470,2015-05-07,40.090000,40.740000,39.490000,39.850000,-0.003252,4149908.000000,165894082.810000,23612719000.000000,31139703520.000000,0.007004,41.155303,2015-03-31,2015-04-17,33.861018,2.179598,37.048277,4.299185,9.640303
sz002470,2015-05-06,42.000000,42.660000,39.760000,39.980000,-0.031961,5528368.000000,229062034.870000,23689749200.000000,31241288500.000000,0.009330,41.289576,2015-03-31,2015-04-17,33.971493,2.186709,37.169151,4.313212,9.671755
sz002470,2015-05-05,42.380000,42.990000,41.140000,41.300000,-0.034144,3984502.000000,166940354.710000,24471902000.000000,32272766760.000000,0.006724,42.652803,2015-03-31,2015-04-17,35.093104,2.258906,38.396336,4.455618,9.991080
sz002470,2015-05-04,43.500000,43.560000,42.400000,42.760000,-0.005813,4238189.000000,181669451.680000,25337010400.000000,33413644230.000000,0.007153,44.160623,2015-03-31,2015-04-17,36.333681,2.338760,39.753686,4.613128,10.344275
sz002470,2015-04-30,42.170000,43.900000,42.110000,43.010000,0.019678,7432622.000000,321498552.460000,25485145400.000000,33608999960.000000,0.012544,44.418830,2015-03-31,2015-04-17,36.546123,2.352435,39.986125,4.640101,10.404758
sz002470,2015-04-29,41.420000,42.750000,41.350000,42.180000,0.018595,4529751.000000,191512031.710000,24993337200.000000,32960418930.000000,0.007645,43.561624,2015-03-31,2015-04-17,35.840847,2.307037,39.214463,4.550555,10.203964
sz002470,2015-04-28,43.100000,43.450000,41.100000,41.410000,-0.040991,8747221.000000,366800679.910000,24537081400.000000,32358723280.000000,0.014762,42.766383,2015-03-31,2015-04-17,35.186553,2.264921,38.498582,4.467483,10.017685
sz002470,2015-04-27,43.100000,44.460000,42.860000,43.180000,0.002089,8175063.000000,356903472.640000,25585877200.000000,33741841860.000000,0.013797,44.594350,2015-03-31,2015-04-17,36.690535,2.361731,40.144130,4.658437,10.445872
sz002470,2015-04-24,42.380000,43.380000,41.880000,43.090000,0.005366,6668410.000000,283445992.030000,25532548600.000000,33671513799.999996,0.011254,44.501387,2015-03-31,2015-04-17,36.614048,2.356807,40.060444,4.648725,10.424096
sz002470,2015-04-23,43.960000,44.150000,42.480000,42.860000,-0.023023,9079863.000000,390519941.940000,25396264400.000000,33491786520.000000,0.015324,44.263867,2015-03-31,2015-04-17,36.418626,2.344228,39.846627,4.623913,10.368459
sz002470,2015-04-22,43.310000,44.860000,43.280000,43.870000,0.020470,7860127.000000,344779040.860000,25994729800.000000,34281023680.000000,0.013265,45.306969,2015-03-31,2015-04-17,37.276851,2.399471,40.785635,4.732879,10.612798
sz002470,2015-04-21,41.600000,43.200000,41.590000,42.990000,0.033413,6273823.000000,266912258.140000,25473294600.000000,33593371500.000000,0.010588,44.398139,2015-03-31,2015-04-17,36.529100,2.351339,39.967500,4.637940,10.399911
sz002470,2015-04-20,43.900000,43.940000,41.600000,41.600000,-0.058397,10610022.000000,452423427.330000,24649664000.000000,32507193640.000000,0.017906,42.962629,2015-03-31,2015-04-17,35.348017,2.275314,38.675244,4.487983,10.063654
sz002470,2015-04-17,46.500000,46.800000,43.900000,44.180000,-0.039565,13600189.000000,609269714.390000,26178417200.000000,34523264780.000000,0.022952,45.627116,2015-03-31,2015-04-17,37.540255,2.416426,41.073832,4.766322,10.687789
sz002470,2015-04-16,43.990000,46.360000,43.150000,46.000000,0.045217,14469918.000000,654434872.000000,27256840000.000000,35945454500.000000,0.024420,47.506719,2014-09-30,2014-10-18,37.661336,2.493440,102.675754,6.716039,11.128071
sz002470,2015-04-15,45.250000,46.190000,42.650000,44.010000,-0.024169,9893867.000000,440401908.400000,26077685400.000000,34390422890.000000,0.016697,45.451537,2014-09-30,2014-10-18,36.032073,2.385571,98.233911,6.425497,10.646661
sz002470,2015-04-14,43.500000,45.140000,43.170000,45.100000,0.045676,13970120.000000,619016417.490000,26723554000.000000,35242173870.000000,0.023577,46.577263,2014-09-30,2014-10-18,36.924502,2.444656,100.666930,6.584641,10.910354
sz002470,2015-04-13,40.290000,44.010000,39.600000,43.130000,0.075561,10684409.000000,448582016.920000,25556250200.000000,33702770710.000000,0.018032,44.542729,2014-09-30,2014-10-18,35.311609,2.337871,96.269714,6.297019,10.433780
sz002470,2015-04-10,38.710000,40.120000,38.700000,40.100000,0.036176,5894471.000000,232491966.660000,23760854000.000000,31335059250.000000,0.009948,41.413485,2014-09-30,2014-10-18,32.830875,2.173630,89.506513,5.854636,9.700780
sz002470,2015-04-09,39.640000,39.640000,37.960000,38.700000,-0.024943,7418254.000000,286885359.460000,22931298000.000000,30241067160.000000,0.012519,39.967616,2014-09-30,2014-10-18,31.684651,2.097742,86.381573,5.650234,9.362097
sz002470,2015-04-08,40.400000,40.490000,39.120000,39.690000,-0.017574,5735327.000000,227886820.310000,23517912600.000000,31014675850.000000,0.009679,40.990030,2014-09-30,2014-10-18,32.495178,2.151404,88.591306,5.794773,9.601589
sz002470,2015-04-07,40.600000,40.800000,39.800000,40.400000,-0.005416,7303273.000000,293011393.620000,23938616000.000000,31569486130.000000,0.012325,41.723275,2014-09-30,2014-10-18,33.076464,2.189889,90.176060,5.898432,9.773346
sz002470,2015-04-03,39.400000,41.330000,39.100000,40.620000,0.025758,8189848.000000,330901728.700000,24068974800.000000,31741399170.000000,0.013822,41.950479,2014-09-30,2014-10-18,33.256582,2.201815,90.667113,5.930552,9.826566
sz002470,2015-04-02,38.850000,39.990000,38.850000,39.600000,0.032325,10085549.000000,396737462.050000,23464584000.000000,30944347790.000000,0.017021,40.897053,2014-09-30,2014-10-18,32.421469,2.146524,88.390354,5.781628,9.579810
sz002470,2015-04-01,36.810000,38.600000,36.810000,38.360000,0.042391,8176597.000000,309510965.150000,22729834400.000000,29975383360.000000,0.013799,39.616451,2014-09-30,2014-10-18,31.406262,2.079311,85.622604,5.600589,9.279839
sz002470,2015-03-31,37.160000,37.450000,36.500000,36.800000,-0.009688,6218426.000000,230312512.560000,21805472000.000000,28756363600.000000,0.010495,38.005366,2014-09-30,2014-10-18,30.129061,1.994751,82.140582,5.372830,8.902455
sz002470,2015-03-30,36.830000,37.280000,36.460000,37.160000,0.010057,6260012.000000,230726237.780000,22018786400.000000,29037675860.000000,0.010565,38.377164,2014-09-30,2014-10-18,30.423807,2.014265,82.944145,5.425391,8.989546
sz002470,2015-03-27,37.480000,37.770000,36.130000,36.790000,-0.018410,6766437.000000,248706378.710000,21799546600.000000,28748549370.000000,0.011419,37.995047,2014-09-30,2014-10-18,30.120881,1.994210,82.118282,5.371371,8.900038
sz002470,2015-03-26,38.620000,38.620000,37.370000,37.480000,-0.038481,6335111.000000,239050855.450000,22208399200.000000,29287731190.000000,0.010691,38.707655,2014-09-30,2014-10-18,30.685807,2.031612,83.658433,5.472113,9.066961
sz002470,2015-03-25,38.800000,39.380000,37.480000,38.980000,0.003605,9860129.000000,377851813.070000,23097209200.000000,30459865580.000000,0.016640,40.256776,2014-09-30,2014-10-18,31.913885,2.112919,87.006532,5.691112,9.429830
sz002470,2015-03-24,37.800000,39.500000,36.910000,38.840000,0.027513,9154246.000000,348495640.670000,23014253600.000000,30350466370.000000,0.015449,40.112172,2014-09-30,2014-10-18,31.799249,2.105329,86.694000,5.670670,9.395958
sz002470,2015-03-23,37.550000,38.000000,37.320000,37.800000,0.005587,5622849.000000,211904194.680000,22398012000.000000,29537786530.000000,0.009489,39.038116,2014-09-30,2014-10-18,30.947782,2.048956,84.372655,5.518830,9.144369
sz002470,2015-03-20,38.010000,38.330000,37.210000,37.590000,-0.012608,5713940.000000,214501689.270000,22273578600.000000,29373687710.000000,0.009643,38.821222,2014-09-30,2014-10-18,30.775838,2.037572,83.903884,5.488168,9.093563
sz002470,2015-03-19,38.320000,38.900000,37.800000,38.070000,-0.006524,3917039.000000,149720001.300000,22557997800.000000,29748770720.000000,0.006611,39.316930,2014-09-30,2014-10-18,31.168814,2.063590,84.975252,5.558246,9.209678
sz002470,2015-03-18,37.620000,38.500000,37.350000,38.320000,0.018607,5751954.000000,218505043.330000,22706132800.000000,29944126450.000000,0.009707,39.575118,2014-09-30,2014-10-18,31.373495,2.077141,85.533271,5.594746,9.270157
sz002470,2015-03-17,38.400000,38.520000,37.270000,37.620000,-0.016728,6469981.000000,244658902.830000,22291354800.000000,29397130400.000000,0.010919,38.852195,2014-09-30,2014-10-18,30.800392,2.039198,83.970826,5.492546,9.100818
sz002470,2015-03-16,36.350000,38.890000,35.950000,38.260000,0.051099,11422253.000000,424554638.420000,22670580400.000000,29897241070.000000,0.019277,39.513172,2014-09-30,2014-10-18,31.324386,2.073890,85.399387,5.585989,9.255647
sz002470,2015-03-13,36.600000,36.980000,35.870000,36.400000,-0.017013,4374349.000000,158497852.670000,21568456000.000000,28443794430.000000,0.007382,37.592245,2014-09-30,2014-10-18,29.801557,1.973068,81.247710,5.314427,8.805685
sz002470,2015-03-12,36.840000,37.440000,36.250000,37.030000,0.005157,2999195.000000,110636296.440000,21941756200.000000,28936090880.000000,0.005062,38.242871,2014-09-30,2014-10-18,30.317346,2.007217,82.653901,5.406406,8.958089
sz002470,2015-03-11,37.900000,37.900000,36.010000,36.840000,-0.019169,4141915.000000,152417600.540000,21829173600.000000,28787620520.000000,0.006990,38.046665,2014-09-30,2014-10-18,30.161801,1.996919,82.229842,5.378668,8.912129
sz002470,2015-03-10,37.750000,38.100000,37.120000,37.560000,-0.009494,2593426.000000,97507392.970000,22255802400.000000,29350245030.000000,0.004377,38.790235,2014-09-30,2014-10-18,30.751272,2.035946,83.836911,5.483787,9.086304
sz002470,2015-03-09,36.120000,38.500000,35.620000,37.920000,0.029595,5362174.000000,200379376.020000,22469116800.000000,29631557280.000000,0.009049,39.162039,2014-09-30,2014-10-18,31.046023,2.055460,84.640488,5.536349,9.173397
sz002470,2015-03-06,37.070000,37.350000,35.950000,36.830000,-0.004595,3893726.000000,142602512.880000,21823248200.000000,28779806290.000000,0.006571,38.036353,2014-09-30,2014-10-18,30.153627,1.996378,82.207556,5.377210,8.909714
sz002470,2015-03-05,37.900000,38.580000,36.080000,37.000000,-0.006978,6443439.000000,239071895.070000,21923980000.000000,28912648190.000000,0.010874,38.211937,2014-09-30,2014-10-18,30.292822,2.005593,82.587043,5.402033,8.950843
sz002470,2015-03-04,33.870000,37.260000,33.700000,37.260000,0.100089,9647366.000000,346513579.470000,22078040400.000000,29115818150.000000,0.016281,38.480454,2014-09-30,2014-10-18,30.505691,2.019687,83.167385,5.439993,9.013741
sz002470,2015-03-03,33.900000,35.000000,33.700000,33.870000,-0.008780,4659034.000000,159860462.130000,20069329800.000000,26466794440.000000,0.007863,34.979400,2014-09-30,2014-10-18,27.730203,1.835930,75.600597,4.945048,8.193647
sz002470,2015-03-02,34.400000,34.400000,33.570000,34.170000,-0.007552,3994612.000000,135506193.280000,20247091800.000000,26701221310.000000,0.006742,35.289240,2014-09-30,2014-10-18,27.975830,1.852192,76.270250,4.988850,8.266224
sz002470,2015-02-27,34.400000,34.650000,33.650000,34.430000,-0.003185,3923072.000000,133772032.810000,20401152200.000000,26904391270.000000,0.006621,35.557772,2014-09-30,2014-10-18,28.188712,1.866287,76.850626,5.026813,8.329126
sz002470,2015-02-26,33.900000,34.590000,33.550000,34.540000,0.015882,2247320.000000,76425662.690000,20466331600.000000,26990347790.000000,0.003793,35.671386,2014-09-30,2014-10-18,28.278780,1.872250,77.096177,5.042874,8.355739
sz002470,2015-02-25,35.250000,35.600000,33.410000,34.000000,-0.032717,4265682.000000,146965853.890000,20146360000.000000,26568379420.000000,0.007199,35.113710,2014-09-30,2014-10-18,27.836677,1.842980,75.890878,4.964035,8.225108
sz002470,2015-02-17,35.050000,35.640000,34.300000,35.150000,0.013552,2056218.000000,72070812.810000,20827781000.000000,27467015780.000000,0.003470,36.301382,2014-09-30,2014-10-18,28.778214,1.905316,78.457781,5.131937,8.503310
sz002470,2015-02-16,34.360000,35.000000,34.000000,34.680000,0.009313,2107278.000000,72684507.250000,20549287200.000000,27099747000.000000,0.003556,35.816004,2014-09-30,2014-10-18,28.393427,1.879840,77.408738,5.063319,8.389614
sz002470,2015-02-13,34.500000,34.750000,34.040000,34.360000,0.008512,2089896.000000,71979262.930000,20359674400.000000,26849691670.000000,0.003527,35.485527,2014-09-30,2014-10-18,28.131438,1.862495,76.694482,5.016599,8.312203
sz002470,2015-02-12,34.850000,35.270000,33.800000,34.070000,-0.019568,2151344.000000,73738754.930000,20187837800.000000,26623079020.000000,0.003631,35.186023,2014-09-30,2014-10-18,27.894005,1.846775,76.047169,4.974258,8.242046
sz002470,2015-02-11,33.740000,35.350000,33.650000,34.750000,0.022059,4115183.000000,143065818.610000,20590765000.000000,27154446610.000000,0.006945,35.888285,2014-09-30,2014-10-18,28.450729,1.883634,77.564960,5.073537,8.406546
sz002470,2015-02-10,31.970000,34.480000,31.970000,34.000000,0.068510,4842134.000000,161678799.290000,20146360000.000000,26568379420.000000,0.008172,35.113712,2014-09-30,2014-10-18,27.836679,1.842980,75.890883,4.964036,8.225108
sz002470,2015-02-09,31.660000,32.640000,31.600000,31.820000,-0.000628,1861797.000000,59903557.610000,18854622800.000000,24864877440.000000,0.003142,32.862315,2014-09-30,2014-10-18,26.051866,1.724813,71.024963,4.645755,7.697736
sz002470,2015-02-06,32.820000,32.880000,31.800000,31.840000,-0.028972,2885692.000000,93203797.080000,18866473600.000000,24880505900.000000,0.004870,32.882965,2014-09-30,2014-10-18,26.068237,1.725897,71.069594,4.648674,7.702573
sz002470,2015-02-05,32.560000,33.580000,31.800000,32.790000,0.009544,5567326.000000,182272422.030000,19429386600.000000,25622857680.000000,0.009396,33.864075,2014-09-30,2014-10-18,26.846020,1.777391,73.190057,4.787374,7.932391
sz002470,2015-02-04,32.550000,34.000000,32.320000,32.480000,-0.011263,5126242.000000,170295127.950000,19245699200.000000,25380616570.000000,0.008651,33.543932,2014-09-30,2014-10-18,26.592223,1.760588,72.498135,4.742116,7.857400
sz002470,2015-02-03,32.170000,33.100000,31.360000,32.850000,0.026563,6226607.000000,201166002.360000,19464939000.000000,25669743050.000000,0.010508,33.926041,2014-09-30,2014-10-18,26.895143,1.780644,73.323983,4.796134,7.946906
sz002470,2015-02-02,33.000000,33.480000,31.660000,32.000000,-0.027356,5636530.000000,180773806.920000,18961280000.000000,25005533570.000000,0.009512,33.048182,2014-09-30,2014-10-18,26.199214,1.734568,71.426676,4.672031,7.741274
sz002470,2015-01-30,33.360000,34.820000,32.900000,32.900000,-0.012012,6931132.000000,234934336.540000,19494566000.000000,25708814200.000000,0.011697,33.977675,2014-09-30,2014-10-18,26.936077,1.783354,73.435580,4.803434,7.959001
sz002470,2015-01-29,33.520000,33.980000,32.720000,33.300000,-0.026316,4716534.000000,156667935.660000,19731582000.000000,26021383370.000000,0.007960,34.390777,2014-09-30,2014-10-18,27.263567,1.805036,74.328412,4.861834,8.055766
sz002470,2015-01-28,33.690000,34.870000,33.030000,34.200000,0.015138,8157519.000000,279698673.090000,20264868000.000000,26724664000.000000,0.013767,35.320266,2014-09-30,2014-10-18,28.000426,1.853821,76.337305,4.993236,8.273492
sz002470,2015-01-27,32.320000,34.560000,31.550000,33.690000,0.042389,9454806.000000,310491061.420000,19962672600.000000,26326138310.000000,0.015956,34.793561,2014-09-30,2014-10-18,27.582877,1.826176,75.198943,4.918776,8.150115
sz002470,2015-01-26,29.460000,32.320000,29.100000,32.320000,0.100068,9507298.000000,294585662.610000,19150892800.000000,25255588900.000000,0.016045,33.378672,2014-09-30,2014-10-18,26.461212,1.751914,72.140960,4.718753,7.818689
sz002470,2015-01-23,29.480000,29.900000,29.080000,29.380000,-0.002716,3959866.000000,117240647.680000,17408825200.000000,22958205510.000000,0.006683,30.342372,2014-09-30,2014-10-18,24.054161,1.592551,65.578637,4.289510,7.107460
sz002470,2015-01-22,29.940000,29.950000,29.010000,29.460000,-0.007078,4781142.000000,141022802.780000,17456228400.000000,23020719340.000000,0.008069,30.425006,2014-09-30,2014-10-18,24.119670,1.596888,65.757234,4.301192,7.126816
sz002470,2015-01-21,29.950000,30.000000,29.500000,29.670000,-0.009349,4149408.000000,123471882.040000,17580661800.000000,23184818160.000000,0.007003,30.641889,2014-09-30,2014-10-18,24.291606,1.608271,66.225981,4.331853,7.177619
sz002470,2015-01-20,28.750000,30.000000,28.630000,29.950000,0.032759,5336443.000000,155991222.310000,17746573000.000000,23403616570.000000,0.009006,30.931064,2014-09-30,2014-10-18,24.520851,1.623449,66.850971,4.372734,7.245356
sz002470,2015-01-19,29.000000,30.250000,28.600000,29.000000,-0.020270,5812899.000000,172311433.960000,17183660000.000000,22661264800.000000,0.009810,29.949934,2014-09-30,2014-10-18,23.743052,1.571953,64.730466,4.234031,7.015534
sz002470,2015-01-16,28.900000,29.880000,28.680000,29.600000,0.023513,4472769.000000,130793087.650000,17539184000.000000,23130118550.000000,0.007548,30.569579,2014-09-30,2014-10-18,24.234281,1.604476,66.069698,4.321630,7.160681
sz002470,2015-01-15,28.710000,29.310000,28.570000,28.920000,0.001385,3930620.000000,113794014.830000,17136256800.000000,22598750960.000000,0.006634,29.867309,2014-09-30,2014-10-18,23.677551,1.567617,64.551890,4.222350,6.996180
sz002470,2015-01-14,28.260000,29.310000,28.030000,28.880000,0.023025,6108781.000000,176583120.450000,17112555200.000000,22567494050.000000,0.010309,29.826000,2014-09-30,2014-10-18,23.644803,1.565449,64.462609,4.216510,6.986504
sz002470,2015-01-13,27.520000,28.470000,27.520000,28.230000,0.007854,3209171.000000,90389116.270000,16727404200.000000,22059569140.000000,0.005416,29.154713,2014-09-30,2014-10-18,23.112635,1.530215,63.011763,4.121610,6.829260
sz002470,2015-01-12,27.330000,28.380000,27.280000,28.010000,0.013020,5127171.000000,143587279.390000,16597045400.000000,21887656100.000000,0.008653,28.927516,2014-09-30,2014-10-18,22.932523,1.518291,62.520726,4.089491,6.776041
sz002470,2015-01-09,27.600000,28.180000,27.220000,27.650000,-0.000362,4132019.000000,115401213.020000,16383731000.000000,21606343850.000000,0.006973,28.555721,2014-09-30,2014-10-18,22.637779,1.498777,61.717168,4.036931,6.688951
sz002470,2015-01-08,27.090000,28.120000,27.010000,27.660000,0.024444,6820959.000000,189804680.790000,16389656400.000000,21614158080.000000,0.011511,28.566062,2014-09-30,2014-10-18,22.645977,1.499319,61.739518,4.038393,6.691373
sz002470,2015-01-07,27.150000,27.150000,26.600000,27.000000,-0.010627,3604295.000000,96957087.770000,15998580000.000000,21098418950.000000,0.006083,27.884454,2014-09-30,2014-10-18,22.105627,1.463545,60.266367,3.942033,6.531712
sz002470,2015-01-06,26.400000,27.350000,26.260000,27.290000,0.029811,7603474.000000,204331499.960000,16170416600.000000,21325031600.000000,0.012832,28.183965,2014-09-30,2014-10-18,22.343066,1.479265,60.913696,3.984375,6.601870
sz002470,2015-01-05,26.900000,26.980000,25.900000,26.500000,-0.014870,5448559.000000,144446607.780000,15702310000.000000,20707707490.000000,0.009195,27.368095,2014-09-30,2014-10-18,21.696279,1.436443,59.150365,3.869036,6.410759
sz002470,2014-12-31,26.160000,27.300000,26.030000,26.900000,0.020486,5048746.000000,134718079.580000,15939326000.000000,21020276660.000000,0.008521,27.781201,2014-09-30,2014-10-18,22.023772,1.458125,60.043207,3.927437,6.507526
sz002470,2014-12-30,26.550000,27.050000,25.760000,26.360000,-0.019345,6803478.000000,178649135.110000,15619354400.000000,20598308280.000000,0.011482,27.223501,2014-09-30,2014-10-18,21.581650,1.428854,58.837855,3.848594,6.376889
sz002470,2014-12-29,27.800000,27.990000,26.180000,26.880000,-0.039657,10141027.000000,271728326.600000,15927475200.000000,21004648200.000000,0.017115,27.760528,2014-09-30,2014-10-18,22.007383,1.457040,59.998527,3.924514,6.502683
sz002470,2014-12-26,28.040000,28.350000,27.730000,27.990000,-0.010954,4953320.000000,138740925.710000,16585194600.000000,21872027640.000000,0.008359,28.906889,2014-09-30,2014-10-18,22.916170,1.517208,62.476143,4.086575,6.771209
sz002470,2014-12-25,28.450000,28.450000,27.810000,28.300000,0.000353,4156063.000000,116770243.350000,16768882000.000000,22114268750.000000,0.007014,29.227042,2014-09-30,2014-10-18,23.169974,1.534012,63.168086,4.131835,6.846202
sz002470,2014-12-24,27.940000,28.440000,27.310000,28.290000,0.013978,6081503.000000,169713538.340000,16762956600.000000,22106454520.000000,0.010263,29.216728,2014-09-30,2014-10-18,23.161798,1.533470,63.145796,4.130377,6.843786
sz002470,2014-12-23,28.480000,28.480000,27.330000,27.900000,-0.020365,4588811.000000,127632607.680000,16531866000.000000,21801699580.000000,0.007744,28.813966,2014-09-30,2014-10-18,22.842505,1.512331,62.275312,4.073439,6.749443
sz002470,2014-12-22,29.100000,29.290000,27.700000,28.480000,-0.016235,3519243.000000,99153741.100000,16875539200.000000,22254924880.000000,0.005939,29.412961,2014-09-30,2014-10-18,23.317363,1.543770,63.569913,4.158119,6.889753
sz002470,2014-12-19,29.300000,29.370000,27.700000,28.950000,-0.006520,5832564.000000,165744993.290000,17154033000.000000,22622193650.000000,0.009843,29.898361,2014-09-30,2014-10-18,23.702168,1.569247,64.619002,4.226740,7.003454
sz002470,2014-12-18,28.850000,29.150000,28.510000,29.140000,0.004828,4234388.000000,122731519.310000,17266615600.000000,22770664010.000000,0.007146,30.094578,2014-09-30,2014-10-18,23.857720,1.579545,65.043083,4.254479,7.049416
sz002470,2014-12-17,30.400000,30.490000,28.480000,29.000000,-0.038780,10287833.000000,299470458.710000,17183660000.000000,22661264800.000000,0.017362,29.949979,2014-09-30,2014-10-18,23.743088,1.571956,64.730564,4.234037,7.015545
sz002470,2014-12-16,30.200000,30.750000,29.830000,30.170000,-0.007239,5488238.000000,166150165.470000,17876931800.000000,23575529620.000000,0.009262,31.158298,2014-09-30,2014-10-18,24.700993,1.635376,67.342090,4.404858,7.298584
sz002470,2014-12-15,29.510000,30.530000,29.210000,30.390000,0.028775,7621900.000000,229387076.700000,18007290600.000000,23747442660.000000,0.012863,31.385498,2014-09-30,2014-10-18,24.881107,1.647300,67.833134,4.436977,7.351804
sz002470,2014-12-12,28.940000,30.000000,28.940000,29.540000,0.031785,6599754.000000,193575711.960000,17503631600.000000,23083233170.000000,0.011138,30.507640,2014-09-30,2014-10-18,24.185179,1.601225,65.935831,4.312874,7.146172
sz002470,2014-12-11,28.360000,29.000000,28.330000,28.630000,-0.005903,6725857.000000,192737274.960000,16964420200.000000,22372138310.000000,0.011351,29.567827,2014-09-30,2014-10-18,23.440134,1.551898,63.904622,4.180012,6.926029
sz002470,2014-12-10,27.610000,28.800000,27.100000,28.800000,0.049180,7868020.000000,219615163.050000,17065152000.000000,22504980210.000000,0.013278,29.743402,2014-09-30,2014-10-18,23.579323,1.561113,64.284091,4.204834,6.967156
sz002470,2014-12-09,28.300000,29.000000,27.080000,27.450000,-0.029006,11171654.000000,309371643.460000,16265223000.000000,21450059260.000000,0.018854,28.349189,2014-09-30,2014-10-18,22.474049,1.487937,61.270794,4.007733,6.640572
sz002470,2014-12-08,28.310000,28.880000,27.770000,28.270000,-0.008070,7767835.000000,217675436.620000,16751105800.000000,22090826060.000000,0.013109,29.196050,2014-09-30,2014-10-18,23.145405,1.532385,63.101104,4.127454,6.838943
sz002470,2014-12-05,29.900000,29.900000,28.000000,28.500000,-0.050000,11549438.000000,330640311.250000,16887390000.000000,22270553330.000000,0.019491,29.433579,2014-09-30,2014-10-18,23.333708,1.544852,63.614473,4.161034,6.894582
sz002470,2014-12-04,29.900000,30.780000,29.150000,30.000000,0.013856,10447459.000000,313456225.340000,17776200000.000000,23442687720.000000,0.017632,30.982715,2014-09-30,2014-10-18,24.561798,1.626160,66.962603,4.380035,7.257455
sz002470,2014-12-03,28.150000,29.640000,28.150000,29.590000,0.054526,8047641.000000,232542165.670000,17533258600.000000,23122304320.000000,0.013582,30.559285,2014-09-30,2014-10-18,24.226121,1.603936,66.047450,4.320175,7.158270
sz002470,2014-12-02,28.100000,28.280000,27.740000,28.060000,0.001070,6140421.000000,171335069.720000,16626672400.000000,21926727250.000000,0.010363,28.979167,2014-09-30,2014-10-18,22.973469,1.521002,62.632358,4.096793,6.788140
sz002470,2014-12-01,28.850000,28.850000,27.570000,28.030000,-0.028423,7120772.000000,199165127.950000,16608896200.000000,21903284560.000000,0.012017,28.948193,2014-09-30,2014-10-18,22.948914,1.519376,62.565413,4.092414,6.780884
sz002470,2014-11-28,29.550000,29.600000,28.550000,28.850000,-0.022034,6225443.000000,179695405.260000,17094779000.000000,22544051360.000000,0.010506,29.795057,2014-09-30,2014-10-18,23.620273,1.563825,64.395733,4.212136,6.979255
sz002470,2014-11-27,29.800000,30.280000,29.280000,29.500000,-0.010731,6004714.000000,177689713.040000,17479930000.000000,23051976260.000000,0.010134,30.466353,2014-09-30,2014-10-18,24.152448,1.599058,65.846597,4.307037,7.136501
sz002470,2014-11-26,29.470000,30.120000,28.860000,29.820000,0.010847,4739094.000000,140253152.920000,17669542800.000000,23302031590.000000,0.007998,30.796834,2014-09-30,2014-10-18,24.414439,1.616404,66.560861,4.353757,7.213914
sz002470,2014-11-25,28.350000,29.500000,28.010000,29.500000,0.035088,5158072.000000,148588276.100000,17479930000.000000,23051976260.000000,0.008705,30.466365,2014-09-30,2014-10-18,24.152458,1.599059,65.846623,4.307039,7.136504
sz002470,2014-11-24,28.820000,28.850000,27.800000,28.500000,-0.002450,7613684.000000,214775251.530000,16887390000.000000,22270553330.000000,0.012849,29.433599,2014-09-30,2014-10-18,23.333724,1.544853,63.614517,4.161037,6.894587
sz002470,2014-11-21,28.900000,28.980000,28.210000,28.570000,-0.014828,6509054.000000,186198134.420000,16928867800.000000,22325252940.000000,0.010985,29.505889,2014-09-30,2014-10-18,23.391032,1.548647,63.770755,4.171256,6.911520
sz002470,2014-11-20,28.500000,29.700000,28.500000,29.000000,0.010453,6914274.000000,201933457.150000,17183660000.000000,20300000000.000000,0.011669,29.949987,2014-09-30,2014-10-18,23.743094,1.571956,64.730580,4.234038,7.015547
sz002470,2014-11-19,28.000000,28.930000,27.500000,28.700000,0.034234,7745004.000000,219559931.070000,17005898000.000000,20090000000.000000,0.013071,29.640158,2014-09-30,2014-10-18,23.497475,1.555695,64.060951,4.190238,6.942972
sz002470,2014-11-18,26.570000,27.970000,26.570000,27.750000,0.043233,6713872.000000,184517150.020000,16442985000.000000,19425000000.000000,0.011331,28.659045,2014-09-30,2014-10-18,22.719689,1.504200,61.940481,4.051538,6.713154
sz002470,2014-11-17,25.800000,27.100000,25.800000,26.600000,0.029412,2909562.000000,77085287.010000,15761564000.000000,18620000000.000000,0.004910,27.471375,2014-09-30,2014-10-18,21.778155,1.441864,59.373583,3.883636,6.434951
sz002470,2014-11-14,26.400000,26.940000,25.600000,25.840000,-0.023801,5054533.000000,132601928.840000,15311233600.000000,18088000000.000000,0.008530,26.686472,2014-09-30,2014-10-18,21.155917,1.400667,57.677181,3.772674,6.251094
sz002470,2014-11-13,26.720000,28.200000,26.400000,26.470000,-0.009727,10050114.000000,274086179.440000,15684533800.000000,18529000000.000000,0.016961,27.337123,2014-09-30,2014-10-18,21.671725,1.434817,59.083426,3.864657,6.403504
sz002470,2014-11-12,25.520000,26.790000,25.520000,26.730000,0.044549,4744105.000000,124705529.040000,15838594200.000000,18711000000.000000,0.008006,27.605643,2014-09-30,2014-10-18,21.884597,1.448911,59.663776,3.902618,6.466403
sz002470,2014-11-11,26.200000,26.200000,25.430000,25.590000,-0.024771,4132270.000000,105874698.280000,15163098600.000000,17913000000.000000,0.006974,26.428289,2014-09-30,2014-10-18,20.951240,1.387116,57.119173,3.736175,6.190617
sz002470,2014-11-10,25.980000,26.260000,25.460000,26.240000,0.010008,3843312.000000,99368845.590000,15548249600.000000,18368000000.000000,0.006486,27.099573,2014-09-30,2014-10-18,21.483406,1.422349,58.570011,3.831075,6.347860
sz002470,2014-11-07,26.360000,26.700000,25.770000,25.980000,-0.008018,4026609.000000,105327644.270000,15394189200.000000,18186000000.000000,0.006796,26.831048,2014-09-30,2014-10-18,21.270530,1.408255,57.989651,3.793113,6.284960
sz002470,2014-11-06,26.800000,26.800000,26.020000,26.190000,-0.015043,3994802.000000,105261596.510000,15518622600.000000,18333000000.000000,0.006742,27.047918,2014-09-30,2014-10-18,21.442456,1.419638,58.458370,3.823772,6.335760
sz002470,2014-11-05,26.640000,26.940000,26.290000,26.590000,-0.000376,3241125.000000,86225599.750000,15755638600.000000,18613000000.000000,0.005470,27.461014,2014-09-30,2014-10-18,21.769941,1.441320,59.351190,3.882172,6.432524
sz002470,2014-11-04,26.530000,26.830000,26.020000,26.600000,-0.003745,5611218.000000,148970334.600000,15761564000.000000,18620000000.000000,0.009470,27.471343,2014-09-30,2014-10-18,21.778130,1.441862,59.373514,3.883632,6.434944
sz002470,2014-11-03,26.650000,26.900000,26.460000,26.700000,-0.003731,3784867.000000,100831299.370000,15820818000.000000,18690000000.000000,0.006388,27.574610,2014-09-30,2014-10-18,21.859995,1.447282,59.596704,3.898231,6.459133
sz002470,2014-10-31,27.000000,27.000000,25.720000,26.800000,-0.007407,6724833.000000,177383117.570000,15880072000.000000,18760000000.000000,0.011349,27.677876,2014-09-30,2014-10-18,21.941860,1.452702,59.819892,3.912829,6.483323
sz002470,2014-10-30,26.750000,27.560000,26.640000,27.000000,0.013514,6255370.000000,169172857.600000,15998580000.000000,18900000000.000000,0.010557,27.884416,2014-09-30,2014-10-18,22.105596,1.463543,60.266284,3.942028,6.531703
sz002470,2014-10-29,26.570000,26.900000,26.160000,26.640000,0.004904,5079551.000000,134309578.510000,15785265600.000000,18648000000.000000,0.008573,27.512611,2014-09-30,2014-10-18,21.810845,1.444028,59.462705,3.889466,6.444610
sz002470,2014-10-28,25.110000,26.690000,25.110000,26.510000,0.048655,7331314.000000,192112634.370000,15708235400.000000,18557000000.000000,0.012373,27.378347,2014-09-30,2014-10-18,21.704406,1.436981,59.172523,3.870485,6.413160
sz002470,2014-10-27,25.010000,25.380000,24.510000,25.280000,0.016895,3418049.000000,85053381.320000,14979411200.000000,17696000000.000000,0.005768,26.108060,2014-09-30,2014-10-18,20.697375,1.370309,56.427065,3.690904,6.115606
sz002470,2014-10-24,25.390000,25.800000,24.850000,24.860000,-0.021260,3132173.000000,79180818.380000,14730544400.000000,17402000000.000000,0.005286,25.674292,2014-09-30,2014-10-18,20.353503,1.347542,55.489568,3.629582,6.013999
sz002470,2014-10-23,26.340000,26.500000,25.080000,25.400000,-0.029052,5031097.000000,128451116.870000,15050516000.000000,17780000000.000000,0.008491,26.231984,2014-09-30,2014-10-18,20.795618,1.376813,56.694902,3.708423,6.144634
sz002470,2014-10-22,26.640000,27.080000,26.000000,26.160000,-0.027509,6773268.000000,179243978.000000,15500846400.000000,18312000000.000000,0.011431,27.016879,2014-09-30,2014-10-18,21.417849,1.418009,58.391286,3.819384,6.328489
sz002470,2014-10-21,25.700000,27.150000,25.700000,26.900000,0.054902,11517896.000000,306337921.420000,15939326000.000000,18830000000.000000,0.019438,27.781109,2014-09-30,2014-10-18,22.023699,1.458120,60.043009,3.927424,6.507504
sz002470,2014-10-20,25.110000,26.880000,25.000000,25.500000,0.030719,7506509.000000,192816589.150000,15109770000.000000,17850000000.000000,0.012668,26.335251,2014-09-30,2014-10-18,20.877484,1.382233,56.918092,3.723022,6.168823
sz002470,2014-10-17,24.300000,25.100000,24.000000,24.740000,0.001619,2774089.000000,67969709.560000,14659439600.000000,17318000000.000000,0.004682,25.550370,2014-06-30,2014-08-05,22.576387,1.391329,18.378609,3.883986,5.984971
sz002470,2014-10-16,25.390000,26.170000,24.610000,24.700000,-0.035156,4972006.000000,125445107.460000,14635738000.000000,17290000000.000000,0.008391,25.509070,2014-06-30,2014-08-05,22.539895,1.389080,18.348902,3.877708,5.975297
sz002470,2014-10-15,24.440000,25.680000,24.440000,25.600000,0.032674,5532835.000000,139000880.570000,15169024000.000000,17920000000.000000,0.009337,26.438544,2014-06-30,2014-08-05,23.361181,1.439693,19.017481,4.019000,6.193019
sz002470,2014-10-14,25.140000,25.150000,24.220000,24.790000,0.004457,3993530.000000,98905740.410000,14689066600.000000,17353000000.000000,0.006740,25.602023,2014-06-30,2014-08-05,22.622029,1.394141,18.415764,3.891838,5.997071
sz002470,2014-10-13,24.680000,24.910000,24.020000,24.680000,-0.012010,3828569.000000,92972108.930000,14623887200.000000,17276000000.000000,0.006461,25.488421,2014-06-30,2014-08-05,22.521650,1.387955,18.334049,3.874569,5.970460
sz002470,2014-10-10,24.800000,25.170000,24.480000,24.980000,-0.005969,5169767.000000,128952196.890000,14801649200.000000,17486000000.000000,0.008725,25.798258,2014-06-30,2014-08-05,22.795423,1.404827,18.556918,3.921668,6.043037
sz002470,2014-10-09,24.760000,25.160000,24.470000,25.130000,0.014943,5156563.000000,127460513.490000,14890530200.000000,17591000000.000000,0.008702,25.953173,2014-06-30,2014-08-05,22.932306,1.413263,18.668349,3.945217,6.079325
sz002470,2014-10-08,24.850000,24.990000,24.110000,24.760000,-0.004823,5866972.000000,143383949.120000,14671290400.000000,17332000000.000000,0.009901,25.571065,2014-06-30,2014-08-05,22.594673,1.392455,18.393495,3.887132,5.989819
sz002470,2014-09-30,24.950000,25.680000,24.800000,24.880000,0.001207,6909265.000000,174315203.010000,14742395200.000000,17416000000.000000,0.011660,25.694991,2014-06-30,2014-08-05,22.704176,1.399204,18.482637,3.905970,6.018848
sz002470,2014-09-29,25.400000,25.600000,24.750000,24.850000,-0.030055,6624672.000000,165358021.640000,14724619000.000000,17395000000.000000,0.011180,25.664015,2014-06-30,2014-08-05,22.676805,1.397517,18.460355,3.901261,6.011592
sz002470,2014-09-26,25.390000,25.620000,24.710000,25.620000,-0.001170,5611400.000000,141116293.480000,15180874800.000000,17934000000.000000,0.009470,26.459248,2014-06-30,2014-08-05,23.379475,1.440821,19.032373,4.022147,6.197869
sz002470,2014-09-25,23.670000,25.700000,23.670000,25.650000,0.086864,11305129.000000,279299745.340000,15198651000.000000,17955000000.000000,0.019079,26.490241,2014-06-30,2014-08-05,23.406861,1.442509,19.054667,4.026858,6.205129
sz002470,2014-09-24,23.950000,24.350000,23.530000,23.600000,-0.008820,7115628.000000,170450496.000000,13983944000.000000,16520000000.000000,0.012009,24.373097,2014-06-30,2014-08-05,21.536145,1.327221,17.531786,3.705025,5.709204
sz002470,2014-09-23,22.610000,24.250000,22.480000,23.810000,0.051678,10510804.000000,249254701.550000,14108377400.000000,16667000000.000000,0.017739,24.589980,2014-06-30,2014-08-05,21.727784,1.339031,17.687792,3.737994,5.760008
sz002470,2014-09-22,22.000000,23.000000,22.000000,22.640000,0.030027,8123420.000000,183804126.440000,13415105600.000000,15848000000.000000,0.013709,23.381663,2014-06-30,2014-08-05,20.660111,1.273233,16.818639,3.554314,5.476969
sz002470,2014-09-19,21.000000,22.100000,20.900000,21.980000,0.046667,3630547.000000,78792021.560000,13024029200.000000,15386000000.000000,0.006127,22.700048,2014-06-30,2014-08-05,20.057834,1.236116,16.328347,3.450700,5.317306
sz002470,2014-09-18,21.100000,21.260000,20.690000,21.000000,-0.006623,2651788.000000,55576485.950000,12443340000.000000,14700000000.000000,0.004475,21.687937,2014-06-30,2014-08-05,19.163530,1.181002,15.600327,3.296846,5.080227
sz002470,2014-09-17,21.250000,21.490000,20.800000,21.140000,-0.009836,3699688.000000,78080449.020000,12526295600.000000,14798000000.000000,0.006244,21.832534,2014-06-30,2014-08-05,19.291296,1.188876,15.704337,3.318827,5.114098
sz002470,2014-09-16,21.660000,22.400000,21.300000,21.350000,-0.017487,7593077.000000,167704496.110000,12650729000.000000,14945000000.000000,0.012814,22.049412,2014-06-30,2014-08-05,19.482930,1.200686,15.860339,3.351795,5.164900
sz002470,2014-09-15,21.230000,21.770000,21.120000,21.730000,0.016846,2862754.000000,61271027.550000,12875894200.000000,15211000000.000000,0.004831,22.441853,2014-06-30,2014-08-05,19.829692,1.222056,16.142625,3.411451,5.256826
sz002470,2014-09-12,21.240000,21.500000,20.980000,21.370000,0.006594,2196654.000000,46481093.650000,12662579800.000000,14959000000.000000,0.003707,22.070061,2014-06-30,2014-08-05,19.501175,1.201811,15.875192,3.354934,5.169736
sz002470,2014-09-11,21.550000,21.750000,20.930000,21.230000,-0.019400,4360742.000000,93290928.620000,12579624200.000000,14861000000.000000,0.007359,21.925484,2014-06-30,2014-08-05,19.373427,1.193938,15.771196,3.332956,5.135870
sz002470,2014-09-10,21.130000,21.830000,21.050000,21.650000,0.025580,4261362.000000,92041199.890000,12828491000.000000,15155000000.000000,0.007192,22.359254,2014-06-30,2014-08-05,19.756707,1.217558,16.083211,3.398895,5.237478
sz002470,2014-09-09,20.980000,21.230000,20.960000,21.110000,0.006676,2114965.000000,44678335.300000,12508519400.000000,14777000000.000000,0.003569,21.801569,2014-06-30,2014-08-05,19.263936,1.187190,15.682064,3.314120,5.106844
sz002470,2014-09-05,20.980000,21.200000,20.890000,20.970000,-0.000477,2638528.000000,55388738.980000,12425563800.000000,14679000000.000000,0.004453,21.656987,2014-06-30,2014-08-05,19.136182,1.179317,15.578064,3.292141,5.072977
sz002470,2014-09-04,20.890000,21.020000,20.670000,20.980000,0.004789,2281640.000000,47597710.050000,12431489200.000000,14686000000.000000,0.003851,21.667323,2014-06-30,2014-08-05,19.145315,1.179880,15.585499,3.293712,5.075398
sz002470,2014-09-03,20.950000,21.080000,20.640000,20.880000,0.001439,2318580.000000,48480960.410000,12372235200.000000,14616000000.000000,0.003913,21.564052,2014-06-30,2014-08-05,19.054065,1.174256,15.511215,3.278014,5.051208
sz002470,2014-09-02,20.580000,20.940000,20.520000,20.850000,0.015093,2348521.000000,48645652.150000,12354459000.000000,14595000000.000000,0.003963,21.533066,2014-06-30,2014-08-05,19.026685,1.172569,15.488927,3.273304,5.043950
sz002470,2014-09-01,20.400000,20.670000,20.370000,20.540000,0.008346,1554099.000000,31938759.860000,12170771600.000000,14378000000.000000,0.002623,21.212900,2014-06-30,2014-08-05,18.743785,1.155134,15.258628,3.224634,4.968953
sz002470,2014-08-29,20.180000,20.370000,20.140000,20.370000,0.010417,800484.000000,16242507.390000,12070039800.000000,14259000000.000000,0.001351,21.037323,2014-06-30,2014-08-05,18.588645,1.145574,15.132334,3.197944,4.927826
sz002470,2014-08-28,20.660000,20.660000,20.070000,20.160000,-0.021834,1872259.000000,37910061.480000,11945606400.000000,14112000000.000000,0.003160,20.820436,2014-06-30,2014-08-05,18.397003,1.133763,14.976326,3.164975,4.877022
sz002470,2014-08-27,20.450000,20.750000,20.390000,20.610000,0.010294,1638941.000000,33740030.510000,12212249400.000000,14427000000.000000,0.002766,21.285177,2014-06-30,2014-08-05,18.807649,1.159070,15.310618,3.235621,4.985884
sz002470,2014-08-26,20.270000,20.800000,20.260000,20.400000,0.002950,2751111.000000,56360420.840000,12087816000.000000,14280000000.000000,0.004643,21.068300,2014-06-30,2014-08-05,18.616016,1.147260,15.154616,3.202653,4.935082
sz002470,2014-08-25,20.490000,20.490000,20.150000,20.340000,-0.005865,1471233.000000,29878970.920000,12052263600.000000,14238000000.000000,0.002483,21.006331,2014-06-30,2014-08-05,18.561260,1.143886,15.110041,3.193233,4.920566
sz002470,2014-08-22,20.270000,20.480000,20.250000,20.460000,0.009373,1840376.000000,37476386.050000,12123368400.000000,14322000000.000000,0.003106,21.130260,2014-06-30,2014-08-05,18.670764,1.150634,15.199185,3.212072,4.949596
sz002470,2014-08-21,20.670000,20.790000,20.010000,20.270000,-0.019352,3762888.000000,76188620.580000,12010785800.000000,14189000000.000000,0.006350,20.934045,2014-06-30,2014-08-05,18.497388,1.139950,15.058046,3.182245,4.903634
sz002470,2014-08-20,20.760000,20.910000,20.580000,20.670000,-0.005772,2465506.000000,51199348.630000,12247801800.000000,14469000000.000000,0.004161,21.347155,2014-06-30,2014-08-05,18.862414,1.162445,15.355199,3.245043,5.000402
sz002470,2014-08-19,21.020000,21.250000,20.570000,20.790000,-0.010000,2669357.000000,55523212.990000,12318906600.000000,14553000000.000000,0.004505,21.471086,2014-06-30,2014-08-05,18.971920,1.169194,15.444344,3.263882,5.029431
sz002470,2014-08-18,21.290000,21.390000,20.880000,21.000000,-0.005682,3175922.000000,66936245.040000,12443340000.000000,14700000000.000000,0.005360,21.687966,2014-06-30,2014-08-05,19.163555,1.181004,15.600348,3.296851,5.080234
sz002470,2014-08-15,20.920000,21.190000,20.790000,21.120000,0.011979,1884100.000000,39684982.800000,12514444800.000000,14784000000.000000,0.003180,21.811901,2014-06-30,2014-08-05,19.273065,1.187753,15.689495,3.315690,5.109265
sz002470,2014-08-14,21.260000,21.260000,20.820000,20.870000,-0.018344,2397619.000000,50272436.900000,12366309800.000000,14609000000.000000,0.004046,21.553709,2014-06-30,2014-08-05,19.044926,1.173693,15.503776,3.276442,5.048785
sz002470,2014-08-13,21.540000,21.680000,21.000000,21.260000,-0.004215,3187939.000000,67816989.310000,12597400400.000000,14882000000.000000,0.005380,21.956479,2014-06-30,2014-08-05,19.400814,1.195626,15.793491,3.337668,5.143131
sz002470,2014-08-12,21.350000,21.420000,21.100000,21.350000,0.001877,2529115.000000,53771002.200000,12650729000.000000,14945000000.000000,0.004268,22.049417,2014-06-30,2014-08-05,19.482935,1.200686,15.860343,3.351796,5.164901
sz002470,2014-08-11,20.320000,21.680000,20.320000,21.310000,0.049754,5959454.000000,126245834.220000,12627027400.000000,14917000000.000000,0.010057,22.008108,2014-06-30,2014-08-05,19.446434,1.198437,15.830629,3.345516,5.155224
sz002470,2014-08-08,20.120000,20.390000,20.110000,20.300000,0.008445,1806184.000000,36603335.480000,12028562000.000000,14210000000.000000,0.003048,20.965015,2014-06-30,2014-08-05,18.524753,1.141636,15.080322,3.186953,4.910888
sz002470,2014-08-07,20.650000,20.700000,20.110000,20.130000,-0.025182,3638693.000000,73728931.770000,11927830200.000000,14091000000.000000,0.006141,20.789448,2014-06-30,2014-08-05,18.369622,1.132076,14.954035,3.160264,4.869763
sz002470,2014-08-06,20.690000,20.790000,20.500000,20.650000,-0.002415,2418893.000000,49929542.780000,12235951000.000000,14455000000.000000,0.004082,21.326492,2014-06-30,2014-08-05,18.844155,1.161320,15.340336,3.241902,4.995561
sz002470,2014-08-05,20.570000,20.830000,20.250000,20.700000,0.007299,2390593.000000,49012921.290000,12265578000.000000,14490000000.000000,0.004034,21.378120,2014-06-30,2014-08-05,18.889774,1.164131,15.377472,3.249750,5.007655
sz002470,2014-08-04,20.400000,20.600000,20.200000,20.550000,0.006859,2339243.000000,47726117.090000,12176697000.000000,14385000000.000000,0.003948,21.223211,2014-03-31,2014-04-28,20.312859,1.193062,22.260371,3.345611,4.971369
sz002470,2014-08-01,20.020000,21.000000,19.960000,20.410000,0.013910,5378477.000000,111298827.300000,12093741400.000000,14287000000.000000,0.009077,21.078633,2014-03-31,2014-04-28,20.174482,1.184934,22.108727,3.322820,4.937502
sz002470,2014-07-31,19.500000,20.350000,19.100000,20.130000,0.034961,4339429.000000,86933465.310000,11927830200.000000,14091000000.000000,0.007323,20.789452,2014-03-31,2014-04-28,19.897705,1.168678,21.805413,3.277233,4.869764
sz002470,2014-07-30,19.500000,19.690000,19.340000,19.450000,-0.004606,2571479.000000,50127522.870000,11524903000.000000,13615000000.000000,0.004340,20.087184,2014-03-31,2014-04-28,19.225560,1.129200,21.068826,3.166528,4.705263
sz002470,2014-07-29,19.340000,19.700000,19.210000,19.540000,0.009819,3141362.000000,61304607.860000,11578231600.000000,13678000000.000000,0.005302,20.180134,2014-03-31,2014-04-28,19.314523,1.134425,21.166318,3.181181,4.727036
sz002470,2014-07-28,19.280000,19.390000,19.040000,19.350000,0.007288,3497300.000000,67435860.340000,11465649000.000000,13545000000.000000,0.005902,19.983911,2014-03-31,2014-04-28,19.126718,1.123395,20.960507,3.150249,4.681072
sz002470,2014-07-25,18.990000,19.320000,18.850000,19.210000,0.019098,2451742.000000,46729262.180000,11382693400.000000,13447000000.000000,0.004138,19.839322,2014-03-31,2014-04-28,18.988331,1.115267,20.808852,3.127456,4.647204
sz002470,2014-07-24,18.660000,18.980000,18.490000,18.850000,0.012896,3462308.000000,64949426.730000,11169379000.000000,13195000000.000000,0.005843,19.467532,2014-03-31,2014-04-28,18.632487,1.094366,20.418892,3.068847,4.560115
sz002470,2014-07-23,18.500000,18.660000,18.400000,18.610000,0.005946,2804052.000000,52014064.890000,11027169400.000000,13027000000.000000,0.004732,19.219675,2014-03-31,2014-04-28,18.395262,1.080433,20.158923,3.029775,4.502056
sz002470,2014-07-22,18.270000,18.540000,18.210000,18.500000,0.013143,2039249.000000,37587197.410000,10961990000.000000,12950000000.000000,0.003442,19.106070,2014-03-31,2014-04-28,18.286530,1.074047,20.039766,3.011866,4.475445
sz002470,2014-07-21,18.110000,18.260000,18.030000,18.260000,0.007170,952191.000000,17310351.490000,10819780400.000000,12782000000.000000,0.001607,18.858216,2014-03-31,2014-04-28,18.049308,1.060114,19.779800,2.972795,4.417387
sz002470,2014-07-18,18.200000,18.250000,18.030000,18.130000,-0.003846,1447303.000000,26266137.000000,10742750200.000000,12691000000.000000,0.002443,18.723966,2014-03-31,2014-04-28,17.920816,1.052567,19.638989,2.951632,4.385940
sz002470,2014-07-17,18.340000,18.340000,18.050000,18.200000,-0.007634,1619852.000000,29405023.780000,10784228000.000000,12740000000.000000,0.002734,18.796256,2014-03-31,2014-04-28,17.990006,1.056631,19.714812,2.963028,4.402874
sz002470,2014-07-16,18.420000,18.490000,18.300000,18.340000,-0.007038,1542547.000000,28327977.580000,10867183600.000000,12838000000.000000,0.002603,18.940850,2014-03-31,2014-04-28,18.128398,1.064759,19.866473,2.985821,4.436744
sz002470,2014-07-15,18.500000,18.560000,18.300000,18.470000,-0.001622,2014882.000000,37103981.690000,10944213800.000000,12929000000.000000,0.003400,19.075101,2014-03-31,2014-04-28,18.256890,1.072306,20.007284,3.006984,4.468191
sz002470,2014-07-14,18.470000,18.530000,18.200000,18.500000,0.015925,1654532.000000,30409186.910000,10961990000.000000,12950000000.000000,0.002792,19.106091,2014-03-31,2014-04-28,18.286551,1.074048,20.039788,3.011870,4.475450
sz002470,2014-07-11,18.060000,18.470000,18.060000,18.210000,0.000549,1911935.000000,34939231.600000,10790153400.000000,12747000000.000000,0.003227,18.806596,2014-03-31,2014-04-28,17.999902,1.057212,19.725657,2.964658,4.405296
sz002470,2014-07-10,18.340000,18.390000,18.110000,18.200000,-0.008174,1968760.000000,35876445.010000,10784228000.000000,12740000000.000000,0.003323,18.796277,2014-03-31,2014-04-28,17.990026,1.056632,19.714834,2.963031,4.402879
sz002470,2014-07-09,18.640000,18.770000,18.350000,18.350000,-0.016086,2768148.000000,51381194.190000,10873109000.000000,12845000000.000000,0.004672,18.951184,2014-03-31,2014-04-28,18.138288,1.065340,19.877311,2.987450,4.439164
sz002470,2014-07-08,18.790000,19.040000,18.590000,18.650000,-0.007979,1963595.000000,36727229.050000,11050871000.000000,13055000000.000000,0.003314,19.261017,2014-03-31,2014-04-28,18.434831,1.082757,20.202285,3.036292,4.511740
sz002470,2014-07-07,19.190000,19.190000,18.750000,18.800000,-0.020323,1795167.000000,33916755.620000,11139752000.000000,13160000000.000000,0.003030,19.415936,2014-03-31,2014-04-28,18.583105,1.091466,20.364775,3.060713,4.548029
sz002470,2014-07-04,19.250000,19.440000,19.100000,19.190000,-0.004152,1049213.000000,20157823.940000,11370842600.000000,13433000000.000000,0.001771,19.818712,2014-03-31,2014-04-28,18.968604,1.114108,20.787234,3.124207,4.642376
sz002470,2014-07-03,19.000000,19.370000,18.910000,19.270000,0.014745,1742536.000000,33538688.200000,11418245800.000000,13489000000.000000,0.002941,19.901342,2014-03-31,2014-04-28,19.047690,1.118753,20.873903,3.137233,4.661731
sz002470,2014-07-02,19.280000,19.280000,18.670000,18.990000,-0.007318,1909856.000000,36109588.510000,11252334600.000000,13293000000.000000,0.003223,19.612161,2014-03-31,2014-04-28,18.770913,1.102497,20.570590,3.091646,4.593993
sz002470,2014-07-01,19.200000,19.260000,19.000000,19.130000,-0.003127,1452639.000000,27819654.890000,11335290200.000000,13391000000.000000,0.002452,19.756741,2014-03-31,2014-04-28,18.909291,1.110624,20.722235,3.114438,4.627860
sz002470,2014-06-30,18.830000,19.240000,18.700000,19.190000,0.020745,2452770.000000,46722332.570000,11370842600.000000,13433000000.000000,0.004139,19.818714,2014-03-31,2014-04-28,18.968606,1.114108,20.787237,3.124207,4.642376
sz002470,2014-06-27,18.700000,18.960000,18.410000,18.800000,0.005886,3089356.000000,57697661.910000,11139752000.000000,13160000000.000000,0.005214,19.415931,2014-03-31,2014-04-28,18.583100,1.091466,20.364769,3.060713,4.548027
sz002470,2014-06-26,18.460000,18.880000,18.380000,18.690000,0.006462,2208319.000000,41017788.970000,11074572600.000000,13083000000.000000,0.003727,19.302317,2014-03-31,2014-04-28,18.474360,1.085079,20.245604,3.042803,4.521414
sz002470,2014-06-25,18.420000,18.610000,18.120000,18.570000,0.008691,1563422.000000,28795909.600000,11003467800.000000,12999000000.000000,0.002639,19.178386,2014-03-31,2014-04-28,18.355745,1.078112,20.115617,3.023266,4.492385
sz002470,2014-06-24,18.180000,18.450000,18.130000,18.410000,0.013767,1101246.000000,20167315.040000,10908661400.000000,12887000000.000000,0.001859,19.013143,2014-03-31,2014-04-28,18.197590,1.068823,19.942298,2.997217,4.453678
sz002470,2014-06-23,18.330000,18.500000,18.000000,18.160000,-0.011432,1815571.000000,32961382.020000,10760526400.000000,12712000000.000000,0.003064,18.754944,2014-03-31,2014-04-28,17.950466,1.054308,19.671481,2.956515,4.393197
sz002470,2014-06-20,18.390000,18.580000,18.020000,18.370000,-0.001630,1216670.000000,22205055.610000,10884959800.000000,12859000000.000000,0.002053,18.971830,2014-03-31,2014-04-28,18.158048,1.066501,19.898966,2.990705,4.444000
sz002470,2014-06-19,18.850000,19.030000,18.220000,18.400000,-0.022317,837093.000000,15615141.510000,10902736000.000000,12880000000.000000,0.001413,19.002804,2014-03-31,2014-04-28,18.187694,1.068242,19.931454,2.995588,4.451256
sz002470,2014-06-18,18.750000,18.930000,18.710000,18.820000,0.003198,900110.000000,16926535.640000,11151602800.000000,13174000000.000000,0.001519,19.436570,2014-03-31,2014-04-28,18.602854,1.092626,20.386418,3.063966,4.552862
sz002470,2014-06-17,19.100000,19.160000,18.760000,18.760000,-0.021388,1208985.000000,22863938.140000,11116050400.000000,13132000000.000000,0.002040,19.374610,2014-03-31,2014-04-28,18.543552,1.089143,20.321430,3.054199,4.538349
sz002470,2014-06-16,19.030000,19.280000,18.960000,19.170000,0.003665,2228977.000000,42647035.620000,11358991800.000000,13419000000.000000,0.003762,19.798051,2014-03-31,2014-04-28,18.948829,1.112946,20.765564,3.120950,4.637536
sz002470,2014-06-13,19.480000,19.480000,18.910000,19.100000,-0.000520,2952116.000000,56501258.620000,11317514000.000000,13370000000.000000,0.004982,19.725756,2014-03-31,2014-04-28,18.879636,1.108882,20.689736,3.109553,4.620602
sz002470,2014-06-12,19.510000,19.510000,19.130000,19.260000,-0.012814,1561409.000000,30190609.140000,11412320400.000000,13482000000.000000,0.002635,19.736019,2014-03-31,2014-04-28,18.889458,1.109459,20.700500,3.111171,4.623006
sz002470,2014-06-11,19.420000,19.640000,19.320000,19.510000,0.004634,978034.000000,19054835.500000,11560455400.000000,13657000000.000000,0.001651,19.992199,2014-03-31,2014-04-28,19.134650,1.123861,20.969199,3.151555,4.683014
sz002470,2014-06-10,19.100000,19.450000,19.050000,19.420000,0.016754,1333077.000000,25767091.850000,11507126800.000000,13594000000.000000,0.002250,19.899982,2014-03-31,2014-04-28,19.046389,1.118677,20.872476,3.137018,4.661413
sz002470,2014-06-09,19.230000,19.350000,19.090000,19.100000,-0.007792,1947518.000000,37376782.470000,11317514000.000000,13370000000.000000,0.003287,19.572072,2014-03-31,2014-04-28,18.732544,1.100243,20.528541,3.085327,4.584602
sz002470,2014-06-06,19.390000,19.650000,19.250000,19.250000,-0.008243,1890007.000000,36763273.950000,11406395000.000000,13475000000.000000,0.003190,19.725775,2014-03-31,2014-04-28,18.879654,1.108884,20.689756,3.109556,4.620606
sz002470,2014-06-05,19.060000,19.580000,18.870000,19.410000,0.018898,2294559.000000,44394435.730000,11501201400.000000,13587000000.000000,0.003872,19.889726,2014-03-31,2014-04-28,19.036572,1.118100,20.861719,3.135401,4.659010
sz002470,2014-06-04,18.830000,19.060000,18.810000,19.050000,0.009004,1736582.000000,32858058.770000,11287887000.000000,13335000000.000000,0.002931,19.520822,2014-03-31,2014-04-28,18.683492,1.097362,20.474786,3.077248,4.572597
sz002470,2014-06-03,18.610000,19.000000,18.590000,18.880000,0.016694,1841548.000000,34823876.360000,11187155200.000000,13216000000.000000,0.003108,19.346625,2014-03-31,2014-04-28,18.516767,1.087570,20.292077,3.049787,4.531793
sz002470,2014-05-30,18.780000,18.830000,18.500000,18.570000,-0.006952,2078769.000000,38715927.900000,11003467800.000000,12999000000.000000,0.003508,19.028955,2014-03-31,2014-04-28,18.212723,1.069712,19.958883,2.999710,4.457382
sz002470,2014-05-29,18.810000,18.880000,18.580000,18.700000,-0.007958,1901610.000000,35517504.980000,11080498000.000000,13090000000.000000,0.003209,19.162171,2014-03-31,2014-04-28,18.340225,1.077201,20.098609,3.020710,4.488586
sz002470,2014-05-28,18.910000,18.940000,18.460000,18.850000,-0.003173,2340164.000000,43650863.590000,11169379000.000000,13195000000.000000,0.003949,19.315886,2014-03-31,2014-04-28,18.487347,1.085842,20.259836,3.044942,4.524593
sz002470,2014-05-27,18.980000,19.150000,18.700000,18.910000,-0.003688,1752559.000000,33165326.100000,11204931400.000000,13237000000.000000,0.002958,19.377371,2014-03-31,2014-04-28,18.546194,1.089298,20.324325,3.054634,4.538995
sz002470,2014-05-26,18.630000,18.980000,18.460000,18.980000,0.020979,1661477.000000,31003368.700000,11246409200.000000,13286000000.000000,0.002804,19.449099,2014-03-31,2014-04-28,18.614846,1.093330,20.399559,3.065941,4.555797
sz002470,2014-05-23,18.850000,18.860000,18.410000,18.590000,-0.011696,1540500.000000,28571388.210000,11015318600.000000,13013000000.000000,0.002600,19.049461,2014-03-31,2014-04-28,18.232349,1.070865,19.980390,3.002943,4.462185
sz002470,2014-05-22,19.090000,19.350000,18.780000,18.810000,-0.013634,1538630.000000,29332787.140000,11145677400.000000,13167000000.000000,0.002597,19.274900,2014-03-31,2014-04-28,18.448118,1.083538,20.216847,3.038481,4.514992
sz002470,2014-05-21,18.750000,19.210000,18.580000,19.070000,0.021972,1336159.000000,25315894.930000,11299737800.000000,13349000000.000000,0.002255,19.541326,2014-03-31,2014-04-28,18.703117,1.098515,20.496293,3.080480,4.577400
sz002470,2014-05-20,18.740000,18.860000,18.630000,18.660000,0.008104,1340968.000000,25150584.490000,11056796400.000000,13062000000.000000,0.002263,19.121195,2014-03-31,2014-04-28,18.301007,1.074897,20.055631,3.014251,4.478988
sz002470,2014-05-19,19.050000,19.050000,18.480000,18.510000,-0.030382,3011057.000000,56196281.910000,10967915400.000000,12957000000.000000,0.005082,18.967483,2014-03-31,2014-04-28,18.153888,1.066256,19.894406,2.990020,4.442982
sz002470,2014-05-16,19.500000,19.790000,18.750000,19.090000,-0.021026,2862686.000000,54762647.240000,11311588600.000000,13363000000.000000,0.004831,19.561810,2014-03-31,2014-04-28,18.722722,1.099666,20.517778,3.083709,4.582199
sz002470,2014-05-15,18.520000,20.440000,18.450000,19.500000,0.046699,4055984.000000,79231390.690000,11554530000.000000,13650000000.000000,0.006845,19.981950,2014-03-31,2014-04-28,19.124840,1.123284,20.958450,3.149939,4.680613
sz002470,2014-05-14,19.200000,19.200000,18.200000,18.630000,-0.039691,7433629.000000,137514047.900000,11039020200.000000,13041000000.000000,0.012545,19.090445,2014-03-31,2014-04-28,18.271576,1.073168,20.023378,3.009403,4.471785
sz002470,2014-04-30,19.180000,19.440000,19.020000,19.400000,0.012526,625642.000000,12047068.360000,11495276000.000000,13580000000.000000,0.001056,19.879482,2014-03-31,2014-04-28,19.026768,1.117524,20.850974,3.133786,4.656611
sz002470,2014-04-29,18.080000,19.170000,18.080000,19.160000,0.060908,1896335.000000,35513990.530000,11353066400.000000,13412000000.000000,0.003200,19.633552,2014-03-31,2014-04-28,18.791387,1.103699,20.593026,3.095018,4.599004
sz002470,2014-04-28,19.140000,19.200000,17.910000,18.060000,-0.059375,3207746.000000,59002788.890000,10701272400.000000,12642000000.000000,0.005414,18.506366,2014-03-31,2014-04-28,17.712551,1.040335,19.410756,2.917330,4.334969
sz002470,2014-04-25,19.620000,19.650000,19.100000,19.200000,-0.020408,1118822.000000,21590861.210000,11376768000.000000,13440000000.000000,0.001888,19.674542,2013-12-31,2014-03-25,20.242954,1.120735,11.661880,3.290458,4.608605
sz002470,2014-04-24,19.170000,19.790000,19.090000,19.600000,0.021898,1197852.000000,23427113.170000,11613784000.000000,13720000000.000000,0.002022,20.084425,2013-12-31,2014-03-25,20.664679,1.144083,11.904833,3.359008,4.704617
sz002470,2014-04-23,19.350000,19.550000,19.040000,19.180000,-0.008786,1339475.000000,25726927.810000,11364917200.000000,13426000000.000000,0.002261,19.654041,2013-12-31,2014-03-25,20.221860,1.119567,11.649728,3.287029,4.603803
sz002470,2014-04-22,19.360000,19.570000,19.210000,19.350000,-0.003091,1346071.000000,26019046.240000,11465649000.000000,13545000000.000000,0.002272,19.828252,2013-12-31,2014-03-25,20.401105,1.129491,11.752990,3.316165,4.644611
sz002470,2014-04-21,19.900000,20.060000,19.400000,19.410000,-0.033367,1483671.000000,29226246.690000,11501201400.000000,13587000000.000000,0.002504,19.889731,2013-12-31,2014-03-25,20.464360,1.132993,11.789431,3.326447,4.659012
sz002470,2014-04-18,20.000000,20.180000,19.820000,20.080000,-0.000995,799635.000000,16029724.110000,11898203200.000000,14056000000.000000,0.001350,20.576301,2013-12-31,2014-03-25,21.170765,1.172102,12.196388,3.441272,4.819835
sz002470,2014-04-17,20.040000,20.160000,19.910000,20.100000,0.003495,1260333.000000,25254429.870000,11910054000.000000,14070000000.000000,0.002127,20.596794,2013-12-31,2014-03-25,21.191851,1.173270,12.208535,3.444699,4.824635
sz002470,2014-04-16,20.050000,20.050000,19.640000,20.030000,-0.001993,1269012.000000,25204150.200000,11868576200.000000,14021000000.000000,0.002142,20.525059,2013-12-31,2014-03-25,21.118043,1.169183,12.166015,3.432702,4.807832
sz002470,2014-04-15,20.210000,20.500000,20.010000,20.070000,-0.011330,979988.000000,19816979.900000,11892277800.000000,14049000000.000000,0.001654,20.566048,2013-12-31,2014-03-25,21.160215,1.171518,12.190310,3.439557,4.817433
sz002470,2014-04-14,20.200000,20.370000,19.990000,20.300000,0.004453,904689.000000,18271882.570000,12028562000.000000,14210000000.000000,0.001527,20.801731,2013-12-31,2014-03-25,21.402708,1.184943,12.330009,3.478974,4.872640
sz002470,2014-04-11,20.010000,20.370000,19.750000,20.210000,0.010500,2088971.000000,42037595.210000,11975233400.000000,14147000000.000000,0.003525,20.709512,2013-12-31,2014-03-25,21.307824,1.179690,12.275347,3.463550,4.851039
sz002470,2014-04-10,20.100000,20.270000,19.780000,20.000000,-0.004975,1647897.000000,32871425.000000,11850800000.000000,14000000000.000000,0.002781,20.494321,2013-12-31,2014-03-25,21.086417,1.167432,12.147795,3.427561,4.800632
sz002470,2014-04-09,20.170000,20.390000,20.000000,20.100000,-0.007407,1148741.000000,23230893.590000,11910054000.000000,14070000000.000000,0.001939,20.596790,2013-12-31,2014-03-25,21.191846,1.173269,12.208533,3.444698,4.824635
sz002470,2014-04-08,20.100000,20.300000,19.800000,20.250000,0.007463,1039585.000000,20877304.540000,11998935000.000000,14175000000.000000,0.001754,20.750489,2013-12-31,2014-03-25,21.349986,1.182025,12.299636,3.470404,4.860637
sz002470,2014-04-04,19.610000,20.130000,19.610000,20.100000,0.028659,1887332.000000,37681493.100000,11910054000.000000,14070000000.000000,0.003185,20.596776,2013-12-31,2014-03-25,21.191831,1.173268,12.208524,3.444696,4.824631
sz002470,2014-04-03,19.740000,19.750000,19.450000,19.540000,-0.001022,1112199.000000,21779644.320000,11578231600.000000,13678000000.000000,0.001877,20.022938,2013-12-31,2014-03-25,20.601415,1.140581,11.868388,3.348725,4.690214
sz002470,2014-04-02,19.880000,20.000000,19.450000,19.560000,-0.012121,1061509.000000,20873958.010000,11590082400.000000,13692000000.000000,0.001791,20.043422,2013-12-31,2014-03-25,20.622491,1.141747,11.880530,3.352151,4.695012
sz002470,2014-04-01,19.140000,19.980000,19.030000,19.800000,0.037736,1500635.000000,29345293.290000,11732292000.000000,13860000000.000000,0.002533,20.289350,2013-12-31,2014-03-25,20.875524,1.155756,12.026300,3.393281,4.752619
sz002470,2014-03-31,19.580000,19.700000,18.900000,19.080000,-0.021036,1396339.000000,26743318.510000,11305663200.000000,13356000000.000000,0.002357,19.551552,2013-12-31,2014-03-25,20.116411,1.113729,11.588979,3.269888,4.579796
sz002470,2014-03-28,19.600000,20.000000,19.490000,19.490000,-0.000513,2368318.000000,46650625.410000,11548604600.000000,13643000000.000000,0.003997,19.971677,2013-12-31,2014-03-25,20.548673,1.137661,11.838003,3.340152,4.678207
sz002470,2014-03-27,20.520000,20.580000,19.420000,19.500000,-0.048780,3929311.000000,78583359.530000,11554530000.000000,13650000000.000000,0.006631,19.981927,2013-12-31,2014-03-25,20.559220,1.138244,11.844079,3.341866,4.680608
sz002470,2014-03-26,21.200000,21.280000,20.380000,20.500000,-0.031191,2269422.000000,46935188.080000,12147070000.000000,14350000000.000000,0.003830,21.006631,2013-12-31,2014-03-25,21.613527,1.196615,12.451461,3.513242,4.920636
sz002470,2014-03-25,20.610000,21.200000,20.300000,21.160000,0.021729,2889212.000000,60569416.870000,12538146400.000000,14812000000.000000,0.004876,21.682943,2013-12-31,2014-03-25,22.309379,1.235141,12.852338,3.626351,5.079057
sz002470,2014-03-24,20.720000,20.880000,20.590000,20.710000,-0.001928,932236.000000,19311241.360000,12271503400.000000,14497000000.000000,0.001573,21.221815,2013-09-30,2013-10-29,21.532744,1.189362,15.210104,3.582502,4.971041
sz002470,2014-03-21,20.360000,20.900000,20.060000,20.750000,0.004356,1831160.000000,37442032.240000,12295205000.000000,14525000000.000000,0.003090,21.262809,2013-09-30,2013-10-29,21.574339,1.191660,15.239486,3.589422,4.980644
sz002470,2014-03-20,21.180000,21.330000,20.650000,20.660000,-0.024551,2175617.000000,45586266.880000,12241876400.000000,14462000000.000000,0.003672,21.170590,2013-09-30,2013-10-29,21.480769,1.186491,15.173391,3.573855,4.959043
sz002470,2014-03-19,21.530000,21.720000,21.170000,21.180000,-0.024862,1888455.000000,40386296.010000,12549997200.000000,14826000000.000000,0.003187,21.703431,2013-09-30,2013-10-29,22.021417,1.216354,15.555289,3.663805,5.083856
sz002470,2014-03-18,21.800000,22.470000,21.670000,21.720000,0.004625,2488751.000000,54971891.910000,12869968800.000000,15204000000.000000,0.004200,22.256779,2013-09-30,2013-10-29,22.582872,1.247366,15.951884,3.757217,5.213474
sz002470,2014-03-17,21.110000,21.730000,21.020000,21.620000,0.029034,1769909.000000,38006868.030000,12810714800.000000,15134000000.000000,0.002987,22.154315,2013-09-30,2013-10-29,22.478907,1.241624,15.878447,3.739919,5.189472
sz002470,2014-03-14,21.000000,21.340000,20.880000,21.010000,-0.007558,840349.000000,17706205.870000,12449265400.000000,14707000000.000000,0.001418,21.529236,2013-09-30,2013-10-29,21.844669,1.206591,15.430439,3.634398,5.043052
sz002470,2014-03-13,21.050000,21.490000,20.820000,21.170000,0.004269,1805420.000000,38422494.180000,12544071800.000000,14819000000.000000,0.003047,21.693193,2013-09-30,2013-10-29,22.011029,1.215780,15.547951,3.662076,5.081458
sz002470,2014-03-12,20.720000,21.180000,19.990000,21.080000,0.018357,2316345.000000,47702733.210000,12490743200.000000,14756000000.000000,0.003909,21.600978,2013-09-30,2013-10-29,21.917463,1.210612,15.481859,3.646509,5.059858
sz002470,2014-03-11,20.530000,21.160000,20.500000,20.700000,-0.000965,1679386.000000,34847404.790000,12265578000.000000,14490000000.000000,0.002834,21.211597,2013-09-30,2013-10-29,21.522377,1.188790,15.202781,3.580777,4.968648
sz002470,2014-03-10,21.300000,21.560000,20.530000,20.720000,-0.025858,3762562.000000,79949835.250000,12277428800.000000,14504000000.000000,0.006350,21.232086,2013-09-30,2013-10-29,21.543166,1.189938,15.217466,3.584236,4.973447
sz002470,2014-03-07,20.870000,21.520000,20.870000,21.270000,0.019655,3122663.000000,66547951.510000,12603325800.000000,14889000000.000000,0.005270,21.795679,2013-09-30,2013-10-29,22.115016,1.221524,15.621404,3.679377,5.105465
sz002470,2014-03-06,20.800000,20.910000,20.220000,20.860000,-0.002391,2748404.000000,56450988.210000,12360384400.000000,14602000000.000000,0.004638,21.375542,2013-09-30,2013-10-29,21.688724,1.197978,15.320284,3.608453,5.007051
sz002470,2014-03-05,21.220000,21.400000,20.900000,20.910000,-0.012282,2509482.000000,53020266.810000,12390011400.000000,14637000000.000000,0.004235,21.426774,2013-09-30,2013-10-29,21.740706,1.200849,15.357003,3.617102,5.019052
sz002470,2014-03-04,21.480000,21.480000,21.020000,21.170000,-0.016721,3224586.000000,68327071.820000,12544071800.000000,14819000000.000000,0.005442,21.693210,2013-09-30,2013-10-29,22.011046,1.215781,15.547963,3.662079,5.081462
sz002470,2014-03-03,21.000000,21.670000,20.850000,21.530000,0.025238,3482231.000000,74538427.160000,12757386200.000000,15071000000.000000,0.005877,22.062110,2013-09-30,2013-10-29,22.385351,1.236456,15.812361,3.724354,5.167874
sz002470,2014-02-28,20.510000,21.050000,20.070000,21.000000,0.023891,2772096.000000,57086550.950000,12443340000.000000,14700000000.000000,0.004678,21.519013,2013-09-30,2013-10-29,21.834297,1.206019,15.423113,3.632673,5.040658
sz002470,2014-02-27,20.580000,21.330000,20.400000,20.510000,0.000488,6336625.000000,133312021.090000,12152995400.000000,14357000000.000000,0.010694,21.016899,2013-09-30,2013-10-29,21.324826,1.177878,15.063237,3.547910,4.923042
sz002470,2014-02-26,20.380000,20.770000,19.880000,20.500000,0.004902,4730445.000000,96828175.150000,12147070000.000000,14350000000.000000,0.007983,21.006647,2013-09-30,2013-10-29,21.314424,1.177303,15.055890,3.546179,4.920640
sz002470,2014-02-25,22.200000,22.300000,19.900000,20.400000,-0.068493,11399681.000000,239802949.640000,12087816000.000000,14280000000.000000,0.019239,20.904175,2013-09-30,2013-10-29,21.210451,1.171560,14.982446,3.528880,4.896637
sz002470,2014-02-24,22.500000,22.500000,21.770000,21.900000,-0.030544,6062699.000000,133235835.450000,12976626000.000000,15330000000.000000,0.010232,22.441243,2013-09-30,2013-10-29,22.770039,1.257704,16.084093,3.788356,5.256683
sz002470,2014-02-21,23.390000,23.390000,22.410000,22.590000,-0.031304,3674676.000000,83759029.970000,13385478600.000000,15813000000.000000,0.006202,23.148284,2013-09-30,2013-10-29,23.487439,1.297330,16.590844,3.907714,5.422302
sz002470,2014-02-20,23.980000,24.000000,22.880000,23.320000,-0.027523,2833746.000000,66249763.670000,13818032800.000000,16324000000.000000,0.004782,23.896335,2013-09-30,2013-10-29,24.246450,1.339254,17.126987,4.033994,5.597527
sz002470,2014-02-19,24.680000,24.680000,23.900000,23.980000,-0.029543,3447286.000000,83085052.810000,14209109200.000000,16786000000.000000,0.005818,24.572648,2013-09-30,2013-10-29,24.932672,1.377157,17.611715,4.148164,5.755948
sz002470,2014-02-18,24.210000,24.950000,23.700000,24.710000,0.013536,5890393.000000,143769193.680000,14641663400.000000,17297000000.000000,0.009941,25.320698,2013-09-30,2013-10-29,25.691681,1.419081,18.147857,4.274444,5.931172
sz002470,2014-02-17,24.050000,24.560000,23.580000,24.380000,0.018379,7023314.000000,169089150.820000,14446125200.000000,17066000000.000000,0.011853,24.982534,2013-09-30,2013-10-29,25.348563,1.400129,17.905488,4.217357,5.851960
sz002470,2014-02-14,24.010000,24.200000,23.450000,23.940000,0.003774,5407323.000000,128315403.700000,14185407600.000000,16758000000.000000,0.009126,24.531667,2013-09-30,2013-10-29,24.891090,1.374861,17.582342,4.141245,5.746348
sz002470,2014-02-13,24.390000,24.520000,23.560000,23.850000,-0.027721,6328988.000000,151883429.750000,14132079000.000000,16695000000.000000,0.010681,24.439432,2013-09-30,2013-10-29,24.797504,1.369691,17.516236,4.125675,5.724743
sz002470,2014-02-12,22.300000,24.530000,22.130000,24.530000,0.100000,11632900.000000,280406602.910000,14535006200.000000,17171000000.000000,0.019632,25.136234,2013-09-30,2013-10-29,25.504515,1.408743,18.015648,4.243304,5.887963
sz002470,2014-02-11,22.700000,22.870000,22.100000,22.300000,-0.016755,4124085.000000,92384379.460000,13213642000.000000,15610000000.000000,0.006960,22.851122,2013-09-30,2013-10-29,23.185923,1.280676,16.377862,3.857549,5.352694
sz002470,2014-02-10,22.120000,22.850000,22.120000,22.680000,0.022082,4745230.000000,107238341.680000,13438807200.000000,15876000000.000000,0.008008,23.240516,2013-09-30,2013-10-29,23.581023,1.302499,16.656949,3.923283,5.443906
sz002470,2014-02-07,21.470000,22.360000,21.340000,22.190000,0.021169,2490441.000000,54396160.710000,13148462600.000000,15533000000.000000,0.004203,22.738407,2013-09-30,2013-10-29,23.071557,1.274359,16.297077,3.838521,5.326291
sz002470,2014-01-30,21.960000,22.000000,21.570000,21.730000,-0.011824,1516689.000000,32965259.200000,12875894200.000000,15211000000.000000,0.002560,22.267036,2013-09-30,2013-10-29,22.593279,1.247941,15.959236,3.758948,5.215876
sz002470,2014-01-29,21.590000,22.180000,21.560000,21.990000,0.018527,2048278.000000,44768342.760000,13029954600.000000,15393000000.000000,0.003457,22.533472,2013-09-30,2013-10-29,22.863619,1.262873,16.150196,3.803926,5.278287
sz002470,2014-01-28,22.480000,22.600000,21.510000,21.590000,-0.039591,4502621.000000,98966937.730000,12792938600.000000,15113000000.000000,0.007599,22.123588,2013-09-30,2013-10-29,22.447730,1.239901,15.856424,3.734732,5.182275
sz002470,2014-01-27,22.000000,22.610000,21.770000,22.480000,0.026016,4617049.000000,103034891.090000,13320299200.000000,15736000000.000000,0.007792,23.035590,2013-09-30,2013-10-29,23.373094,1.291014,16.510074,3.888689,5.395904
sz002470,2014-01-24,21.400000,22.070000,21.260000,21.910000,0.015292,4514344.000000,98331845.480000,12982551400.000000,15337000000.000000,0.007619,22.451492,2013-09-30,2013-10-29,22.780438,1.258279,16.091439,3.790087,5.259084
sz002470,2014-01-23,21.580000,21.680000,21.110000,21.580000,0.000928,6233702.000000,132536222.640000,12787013200.000000,15106000000.000000,0.010520,22.113335,2013-09-30,2013-10-29,22.437326,1.239327,15.849075,3.733001,5.179873
sz002470,2014-01-22,22.390000,22.410000,21.350000,21.560000,-0.011009,5290331.000000,115772570.940000,12775162400.000000,15092000000.000000,0.008928,22.092833,2013-09-30,2013-10-29,22.416524,1.238178,15.834381,3.729540,5.175071
sz002470,2014-01-21,21.520000,22.100000,21.050000,21.800000,0.012541,4120409.000000,89748417.600000,12917372000.000000,15260000000.000000,0.006954,22.338760,2013-09-30,2013-10-29,22.666054,1.251961,16.010642,3.771056,5.232677
sz002470,2014-01-20,22.840000,23.350000,21.490000,21.530000,-0.057768,6028001.000000,133487398.290000,12757386200.000000,15071000000.000000,0.010173,22.062080,2013-09-30,2013-10-29,22.385320,1.236454,15.812339,3.724349,5.167867
sz002470,2014-01-17,22.200000,23.090000,22.000000,22.850000,0.029743,7326244.000000,165950028.220000,13539539000.000000,15995000000.000000,0.012364,23.414700,2013-09-30,2013-10-29,23.757758,1.312261,16.781790,3.952688,5.484707
sz002470,2014-01-16,21.600000,22.190000,21.480000,22.190000,0.027315,3843685.000000,84374424.020000,13148462600.000000,15533000000.000000,0.006487,22.738392,2013-09-30,2013-10-29,23.071541,1.274358,16.297066,3.838519,5.326288
sz002470,2014-01-15,21.820000,22.060000,21.420000,21.600000,-0.010082,3136796.000000,68306166.860000,12798864000.000000,15120000000.000000,0.005294,22.133807,2013-09-30,2013-10-29,22.458099,1.240474,15.863748,3.736457,5.184668
sz002470,2014-01-14,21.900000,22.040000,21.000000,21.820000,-0.005469,2619903.000000,56684795.900000,12929222800.000000,15274000000.000000,0.004421,22.359233,2013-09-30,2013-10-29,22.686827,1.253108,16.025315,3.774512,5.237473
sz002470,2014-01-13,21.490000,21.960000,21.180000,21.940000,0.017625,3141793.000000,67750452.810000,13000327600.000000,15358000000.000000,0.005302,22.482188,2013-09-30,2013-10-29,22.811584,1.259999,16.113439,3.795268,5.266274
sz002470,2014-01-10,21.120000,21.590000,21.020000,21.560000,0.012207,3765019.000000,80636917.920000,12775162400.000000,15092000000.000000,0.006354,22.092802,2013-09-30,2013-10-29,22.416493,1.238176,15.834359,3.729535,5.175063
sz002470,2014-01-09,20.930000,21.600000,20.550000,21.300000,0.016706,5619245.000000,119606783.520000,12621102000.000000,14910000000.000000,0.009483,21.826368,2013-09-30,2013-10-29,22.146155,1.223244,15.643400,3.684558,5.112653
sz002470,2014-01-08,20.530000,20.950000,20.000000,20.950000,0.024951,6268570.000000,128707711.320000,12413713000.000000,14665000000.000000,0.010579,21.467728,2013-09-30,2013-10-29,21.782260,1.203144,15.386355,3.624015,5.028645
sz002470,2014-01-07,20.330000,20.750000,20.110000,20.440000,0.006401,2515395.000000,51461971.320000,12111517600.000000,14308000000.000000,0.004245,20.945126,2013-09-30,2013-10-29,21.252002,1.173855,15.011796,3.535794,4.906229
sz002470,2014-01-06,21.190000,21.360000,20.300000,20.310000,-0.047820,3562023.000000,73517205.090000,12034487400.000000,14217000000.000000,0.006011,20.811909,2013-09-30,2013-10-29,21.116833,1.166389,14.916317,3.513305,4.875024
sz002470,2014-01-03,21.600000,21.730000,21.140000,21.330000,-0.015235,3837744.000000,81967369.490000,12638878200.000000,14931000000.000000,0.006477,21.857116,2013-09-30,2013-10-29,22.177354,1.224967,15.665438,3.689749,5.119856
sz002470,2014-01-02,21.340000,21.740000,21.200000,21.660000,0.016901,5260267.000000,113367535.230000,12834416400.000000,15162000000.000000,0.008877,22.195261,2013-09-30,2013-10-29,22.520453,1.243918,15.907793,3.746832,5.199064
sz002470,2013-12-31,20.970000,21.760000,20.760000,21.300000,0.016221,5902101.000000,127048402.090000,12621102000.000000,14910000000.000000,0.009961,21.826374,2013-09-30,2013-10-29,22.146161,1.223244,15.643404,3.684559,5.112655
sz002470,2013-12-30,20.750000,21.070000,20.500000,20.960000,0.023438,2941132.000000,61180512.120000,12419638400.000000,14672000000.000000,0.004964,21.477979,2013-09-30,2013-10-29,21.792662,1.203719,15.393703,3.625746,5.031046
sz002470,2013-12-27,20.350000,20.560000,20.100000,20.480000,0.002938,4075317.000000,82924909.770000,12135219200.000000,14336000000.000000,0.006878,20.986107,2013-09-30,2013-10-29,21.293583,1.176152,15.041168,3.542712,4.915829
sz002470,2013-12-26,20.900000,21.130000,20.410000,20.420000,-0.026692,3458907.000000,71966885.120000,12099666800.000000,14294000000.000000,0.005837,20.924630,2013-09-30,2013-10-29,21.231206,1.172707,14.997106,3.532334,4.901428
sz002470,2013-12-25,20.600000,21.260000,20.440000,20.980000,0.010111,6470647.000000,135312619.750000,12431489200.000000,14686000000.000000,0.010920,21.498468,2013-09-30,2013-10-29,21.813450,1.204867,15.408387,3.629204,5.035845
sz002470,2013-12-24,20.480000,20.900000,20.200000,20.770000,0.014656,5801852.000000,119123358.470000,12307055800.000000,14539000000.000000,0.009791,21.283272,2013-09-30,2013-10-29,21.595102,1.192807,15.254152,3.592877,4.985437
sz002470,2013-12-23,20.260000,20.660000,20.100000,20.470000,0.010864,3799762.000000,77606650.490000,12129293800.000000,14329000000.000000,0.006413,20.975850,2013-09-30,2013-10-29,21.283176,1.175577,15.033817,3.540980,4.913426
sz002470,2013-12-20,19.930000,20.310000,19.820000,20.250000,0.017077,4451630.000000,89456888.520000,11998935000.000000,14175000000.000000,0.007513,20.750418,2013-09-30,2013-10-29,21.054441,1.162943,14.872245,3.502924,4.860621
sz002470,2013-12-19,20.210000,20.800000,19.820000,19.910000,-0.007972,4335606.000000,87455971.480000,11797471400.000000,13937000000.000000,0.007317,20.402013,2013-09-30,2013-10-29,20.700931,1.143417,14.622536,3.444109,4.779009
sz002470,2013-12-18,20.200000,20.540000,20.000000,20.070000,-0.006436,3266603.000000,66080820.640000,11892277800.000000,14049000000.000000,0.005513,20.565964,2013-09-30,2013-10-29,20.867285,1.152606,14.740043,3.471786,4.817414
sz002470,2013-12-17,20.320000,20.620000,20.040000,20.200000,-0.005906,5534052.000000,112420230.330000,11969308000.000000,14140000000.000000,0.009340,20.699184,2013-09-30,2013-10-29,21.002457,1.160072,14.835525,3.494276,4.848620
sz002470,2013-12-16,21.550000,21.950000,20.200000,20.320000,-0.048689,10167221.000000,213675162.770000,12040412800.000000,14224000000.000000,0.017159,20.822160,2013-09-30,2013-10-29,21.127234,1.166964,14.923664,3.515035,4.877426
sz002470,2013-12-13,21.000000,21.530000,20.880000,21.360000,0.003288,4940386.000000,105324698.720000,12656654400.000000,14952000000.000000,0.008338,21.887858,2013-09-30,2013-10-29,22.208546,1.226690,15.687471,3.694938,5.127057
sz002470,2013-12-12,22.120000,22.350000,21.290000,21.290000,-0.040559,10838747.000000,234602245.010000,12615176600.000000,14903000000.000000,0.018292,21.816127,2013-09-30,2013-10-29,22.135764,1.222670,15.636060,3.682829,5.110254
sz002470,2013-12-11,22.480000,22.700000,21.680000,22.190000,-0.016401,7995109.000000,177234300.530000,13148462600.000000,15533000000.000000,0.013493,22.738372,2013-09-30,2013-10-29,23.071521,1.274357,16.297052,3.838515,5.326283
sz002470,2013-12-10,21.890000,22.740000,21.560000,22.560000,0.032967,10536875.000000,234254906.270000,13367702400.000000,15792000000.000000,0.017783,23.117523,2013-09-30,2013-10-29,23.456227,1.295606,16.568797,3.902521,5.415096
sz002470,2013-12-09,21.860000,22.450000,21.400000,21.840000,0.000458,10188874.000000,223593115.100000,12941073600.000000,15288000000.000000,0.017195,22.379730,2013-09-30,2013-10-29,22.707625,1.254257,16.040006,3.777972,5.242274
sz002470,2013-12-06,21.860000,22.190000,21.250000,21.830000,-0.009079,10138310.000000,218461465.810000,12935148200.000000,15281000000.000000,0.017110,22.369485,2013-09-30,2013-10-29,22.697229,1.253683,16.032663,3.776243,5.239874
sz002470,2013-12-05,22.000000,22.840000,21.860000,22.030000,-0.010777,8455078.000000,189094179.960000,13053656200.000000,15421000000.000000,0.014269,22.574438,2013-09-30,2013-10-29,22.905186,1.265169,16.179557,3.810841,5.287883
sz002470,2013-12-04,21.200000,23.390000,21.010000,22.270000,0.045540,17991516.000000,401861627.280000,13195865800.000000,15589000000.000000,0.030363,22.820373,2013-09-30,2013-10-29,23.154724,1.278952,16.355824,3.852358,5.345491
sz002470,2013-12-03,20.010000,21.680000,19.520000,21.300000,0.059701,10378555.000000,214009721.200000,12621102000.000000,14910000000.000000,0.017515,21.826399,2013-09-30,2013-10-29,22.146187,1.223246,15.643422,3.684563,5.112661
sz002470,2013-12-02,20.600000,21.640000,19.510000,20.100000,-0.056338,8448927.000000,173851710.210000,11910054000.000000,14070000000.000000,0.014259,20.596753,2013-09-30,2013-10-29,20.898524,1.154331,14.762110,3.476984,4.824626
sz002470,2013-11-29,21.000000,21.730000,20.880000,21.300000,0.002353,10147644.000000,215540926.160000,12621102000.000000,14910000000.000000,0.017126,21.826409,2013-09-30,2013-10-29,22.146196,1.223246,15.643429,3.684565,5.112663
sz002470,2013-11-28,20.620000,21.800000,20.620000,21.250000,0.037598,14292823.000000,304044427.670000,12591475000.000000,14875000000.000000,0.024121,21.775172,2013-09-30,2013-10-29,22.094209,1.220375,15.606707,3.675915,5.100661
sz002470,2013-11-27,20.750000,21.150000,20.300000,20.480000,-0.028463,9844297.000000,203603031.240000,12135219200.000000,14336000000.000000,0.016614,20.986135,2013-09-30,2013-10-29,21.293611,1.176154,15.041188,3.542716,4.915835
sz002470,2013-11-26,20.100000,21.580000,20.050000,21.080000,0.028795,13576292.000000,283078583.580000,12490743200.000000,14756000000.000000,0.022912,21.600963,2013-09-30,2013-10-29,21.917448,1.210611,15.481848,3.646507,5.059854
sz002470,2013-11-25,21.000000,21.500000,20.330000,20.490000,-0.029370,17619199.000000,369400566.340000,12141144600.000000,14343000000.000000,0.029735,20.996373,2013-09-30,2013-10-29,21.303999,1.176727,15.048526,3.544445,4.918233
sz002470,2013-11-22,19.500000,21.110000,19.500000,21.110000,0.100052,14681657.000000,307193987.100000,12508519400.000000,14777000000.000000,0.024777,21.631696,2013-09-30,2013-10-29,21.948630,1.212334,15.503874,3.651695,5.067053
sz002470,2013-11-21,18.350000,19.390000,18.350000,19.190000,0.040108,8565729.000000,163510819.770000,11370842600.000000,13433000000.000000,0.014456,19.664248,2013-09-30,2013-10-29,19.952357,1.102069,14.093765,3.319566,4.606194
sz002470,2013-11-20,18.100000,18.450000,17.990000,18.450000,0.025000,3469505.000000,63178776.220000,10932363000.000000,12915000000.000000,0.005855,18.905968,2013-09-30,2013-10-29,19.182967,1.059572,13.550290,3.191559,4.428573
sz002470,2013-11-19,18.400000,18.500000,18.000000,18.000000,-0.031216,5596342.000000,102261512.050000,10665720000.000000,12600000000.000000,0.009445,18.444847,2013-09-30,2013-10-29,18.715089,1.033729,13.219795,3.113716,4.320559
sz002470,2013-11-18,17.710000,18.610000,17.710000,18.580000,0.047941,5893510.000000,108172014.590000,11009393200.000000,13006000000.000000,0.009946,19.039173,2013-09-30,2013-10-29,19.318124,1.067038,13.645761,3.214045,4.459775
sz002470,2013-11-15,17.490000,18.020000,17.490000,17.730000,0.013722,3614350.000000,64567385.070000,10505734200.000000,12411000000.000000,0.006100,18.168173,2013-09-30,2013-10-29,18.434362,1.018223,13.021498,3.067010,4.255750
sz002470,2013-11-14,17.380000,17.650000,16.930000,17.490000,0.010983,3116803.000000,54371774.850000,10363524600.000000,12243000000.000000,0.005260,17.922244,2013-09-30,2013-10-29,18.184830,1.004440,12.845235,3.025494,4.198143
sz002470,2013-11-13,17.500000,17.670000,17.300000,17.300000,-0.014245,1505984.000000,26373994.190000,10250942000.000000,12110000000.000000,0.002542,17.727542,2013-09-30,2013-10-29,17.987276,0.993528,12.705689,2.992626,4.152536
sz002470,2013-11-12,17.420000,17.580000,17.330000,17.550000,0.008041,1747840.000000,30539893.390000,10399077000.000000,12285000000.000000,0.002950,17.983720,2013-09-30,2013-10-29,18.247207,1.007885,12.889297,3.035872,4.212544
sz002470,2013-11-11,17.000000,17.480000,16.860000,17.410000,0.024118,2340208.000000,40353936.760000,10316121400.000000,12187000000.000000,0.003949,17.840267,2013-09-30,2013-10-29,18.101652,0.999846,12.786481,3.011655,4.178941
sz002470,2013-11-08,17.130000,17.280000,16.830000,17.000000,-0.008168,1417609.000000,24118382.660000,10073180000.000000,11900000000.000000,0.002392,17.420128,2013-09-30,2013-10-29,17.675358,0.976299,12.485359,2.940731,4.080527
sz002470,2013-11-07,17.500000,17.670000,16.960000,17.140000,-0.027794,2050403.000000,35362865.500000,10156135600.000000,11998000000.000000,0.003460,17.563588,2013-09-30,2013-10-29,17.820919,0.984339,12.588179,2.964948,4.114131
sz002470,2013-11-06,17.800000,18.000000,17.500000,17.630000,-0.011217,3214481.000000,57109690.870000,10446480200.000000,12341000000.000000,0.005425,18.065706,2013-09-30,2013-10-29,18.330394,1.012480,12.948057,3.049712,4.231748
sz002470,2013-11-05,18.380000,18.380000,17.410000,17.830000,-0.027278,5308320.000000,93863243.920000,10564988200.000000,12481000000.000000,0.008959,18.270648,2013-09-30,2013-10-29,18.538338,1.023966,13.094943,3.084309,4.279754
sz002470,2013-11-04,17.990000,18.640000,17.990000,18.330000,0.025741,5272897.000000,96852947.520000,10861258200.000000,12831000000.000000,0.008899,18.783011,2013-09-30,2013-10-29,19.058208,1.052681,13.462164,3.170802,4.399771
sz002470,2013-11-01,17.480000,17.890000,17.360000,17.870000,0.013613,2890093.000000,51145503.150000,10588689800.000000,12509000000.000000,0.004877,18.311650,2013-09-30,2013-10-29,18.579942,1.026264,13.124331,3.091231,4.289359
sz002470,2013-10-31,17.560000,18.090000,17.280000,17.630000,0.003986,3039666.000000,54051308.000000,10446480200.000000,12341000000.000000,0.005130,18.065722,2013-09-30,2013-10-29,18.330410,1.012481,12.948069,3.049715,4.231752
sz002470,2013-10-30,17.390000,17.720000,17.250000,17.560000,0.012687,2406266.000000,42203264.690000,10405002400.000000,12292000000.000000,0.004061,17.993998,2013-09-30,2013-10-29,18.257635,1.008461,12.896663,3.037607,4.214951
sz002470,2013-10-29,16.860000,17.740000,16.850000,17.340000,0.032758,3981307.000000,69239984.470000,10274643600.000000,12138000000.000000,0.006719,17.768568,2013-09-30,2013-10-29,18.028902,0.995827,12.735092,2.999552,4.162146
sz002470,2013-10-28,16.550000,16.820000,16.520000,16.790000,0.013889,475668.000000,7948066.160000,9948746600.000000,11753000000.000000,0.000803,17.204968,2013-06-30,2013-08-06,18.948599,1.013216,10.503321,3.093857,4.030127
sz002470,2013-10-25,16.780000,17.140000,16.520000,16.560000,-0.016043,1123335.000000,18955833.540000,9812462400.000000,11592000000.000000,0.001896,16.969281,2013-06-30,2013-08-06,18.689027,0.999336,10.359439,3.051475,3.974919
sz002470,2013-10-24,16.640000,16.970000,16.580000,16.830000,0.008388,1096908.000000,18440913.820000,9972448200.000000,11781000000.000000,0.001851,17.245958,2013-06-30,2013-08-06,18.993744,1.015630,10.528345,3.101228,4.039729
sz002470,2013-10-23,17.400000,17.600000,16.660000,16.690000,-0.030215,1868881.000000,31804193.240000,9889492600.000000,11683000000.000000,0.003154,17.102502,2013-06-30,2013-08-06,18.835750,1.007182,10.440768,3.075431,4.006125
sz002470,2013-10-22,17.450000,17.580000,17.120000,17.210000,-0.021603,1507430.000000,26063400.400000,10197613400.000000,12047000000.000000,0.002544,17.635355,2013-06-30,2013-08-06,19.422604,1.038562,10.766065,3.171250,4.130942
sz002470,2013-10-21,17.100000,17.680000,17.000000,17.590000,0.025656,2767715.000000,48016859.990000,10422778600.000000,12313000000.000000,0.004671,18.024743,2013-06-30,2013-08-06,19.851455,1.061493,11.003779,3.241271,4.222153
sz002470,2013-10-18,17.710000,17.890000,16.950000,17.150000,-0.041364,3291025.000000,57165798.090000,10162061000.000000,12005000000.000000,0.005554,17.573868,2013-06-30,2013-08-06,19.354886,1.034941,10.728528,3.160194,4.116539
sz002470,2013-10-17,17.680000,17.980000,17.450000,17.890000,0.009024,3253659.000000,57875319.150000,10600540600.000000,12523000000.000000,0.005491,18.332159,2013-06-30,2013-08-06,20.190026,1.079597,11.191451,3.296552,4.294163
sz002470,2013-10-16,17.250000,17.900000,16.830000,17.730000,0.020138,4072257.000000,70549368.220000,10505734200.000000,12411000000.000000,0.006873,18.168209,2013-06-30,2013-08-06,20.009461,1.069942,11.091363,3.267070,4.255759
sz002470,2013-10-15,17.240000,17.420000,16.820000,17.380000,0.002307,3021169.000000,51411753.830000,10298345200.000000,12166000000.000000,0.005099,17.809561,2013-06-30,2013-08-06,19.614465,1.048821,10.872414,3.202577,4.171748
sz002470,2013-10-14,17.590000,17.590000,17.260000,17.340000,-0.020339,2902754.000000,50345649.700000,10274643600.000000,12138000000.000000,0.004899,17.768568,2013-06-30,2013-08-06,19.569318,1.046407,10.847389,3.195205,4.162146
sz002470,2013-10-11,17.750000,17.850000,17.470000,17.700000,0.001131,1876704.000000,33147993.660000,10487958000.000000,12390000000.000000,0.003167,18.137466,2013-06-30,2013-08-06,19.975602,1.068132,11.072595,3.261542,4.248557
sz002470,2013-10-10,17.440000,17.740000,17.150000,17.680000,0.013181,2707624.000000,47413086.110000,10476107200.000000,12376000000.000000,0.004570,18.116976,2013-06-30,2013-08-06,19.953035,1.066925,11.060086,3.257857,4.243758
sz002470,2013-10-09,17.300000,17.490000,17.180000,17.450000,0.002874,1527977.000000,26448530.210000,10339823000.000000,12215000000.000000,0.002579,17.881283,2013-06-30,2013-08-06,19.693456,1.053045,10.916200,3.215474,4.188548
sz002470,2013-10-08,16.910000,17.670000,16.720000,17.400000,0.027761,4248557.000000,73665479.020000,10310196000.000000,12180000000.000000,0.007170,17.830039,2013-06-30,2013-08-06,19.637019,1.050027,10.884916,3.206259,4.176545
sz002470,2013-09-30,16.970000,17.060000,16.650000,16.930000,0.008939,1649558.000000,27844349.570000,10031702200.000000,11851000000.000000,0.002784,17.348430,2013-06-30,2013-08-06,19.106600,1.021664,10.590902,3.119654,4.063732
sz002470,2013-09-27,16.590000,16.790000,16.500000,16.780000,0.013897,1522904.000000,25383706.030000,9942821200.000000,11746000000.000000,0.002570,17.194726,2013-06-30,2013-08-06,18.937320,1.012613,10.497069,3.092015,4.027728
sz002470,2013-09-26,16.270000,16.870000,16.270000,16.550000,0.017835,1955815.000000,32539037.140000,9806537000.000000,11585000000.000000,0.003301,16.959046,2013-06-30,2013-08-06,18.677755,0.998733,10.353191,3.049634,3.972522
sz002470,2013-09-25,16.370000,16.670000,16.250000,16.260000,-0.012151,2405570.000000,39555321.980000,9634700400.000000,11382000000.000000,0.004060,16.661881,2013-06-30,2013-08-06,18.350474,0.981233,10.171777,2.996197,3.902913
sz002470,2013-09-24,16.090000,16.460000,15.860000,16.460000,0.017934,2824240.000000,45700700.700000,9753208400.000000,11522000000.000000,0.004766,16.866830,2013-06-30,2013-08-06,18.576194,0.993303,10.296895,3.033052,3.950921
sz002470,2013-09-23,16.000000,16.280000,15.830000,16.170000,0.013793,2252822.000000,36215830.510000,9581371800.000000,11319000000.000000,0.003802,16.569670,2013-06-30,2013-08-06,18.248918,0.975803,10.115484,2.979615,3.881314
sz002470,2013-09-18,16.000000,16.180000,15.820000,15.950000,-0.003125,1176621.000000,18745949.680000,9451013000.000000,11165000000.000000,0.001986,16.344234,2013-06-30,2013-08-06,18.000635,0.962526,9.977859,2.939076,3.828507
sz002470,2013-09-17,16.770000,16.880000,15.960000,16.000000,-0.045915,2838461.000000,45982457.250000,9480640000.000000,11200000000.000000,0.004790,16.395470,2013-06-30,2013-08-06,18.057063,0.965544,10.009137,2.948290,3.840509
sz002470,2013-09-16,16.600000,16.820000,16.600000,16.770000,0.010241,1818315.000000,30415797.890000,9936895800.000000,11739000000.000000,0.003069,17.184496,2013-06-30,2013-08-06,18.926053,1.012010,10.490824,3.090175,4.025332
sz002470,2013-09-13,16.680000,16.680000,16.400000,16.600000,-0.004796,1308873.000000,21626188.040000,9836164000.000000,11620000000.000000,0.002209,17.010293,2013-06-30,2013-08-06,18.734196,1.001751,10.384476,3.058850,3.984526
sz002470,2013-09-12,16.550000,16.700000,16.390000,16.680000,0.002404,1495846.000000,24751432.080000,9883567200.000000,11676000000.000000,0.002524,17.092268,2013-06-30,2013-08-06,18.824478,1.006579,10.434520,3.073591,4.003728
sz002470,2013-09-11,16.930000,16.940000,16.280000,16.640000,-0.016548,3054464.000000,50607570.020000,9859865600.000000,11648000000.000000,0.005155,17.051277,2013-06-30,2013-08-06,18.779333,1.004165,10.409496,3.066219,3.994126
sz002470,2013-09-10,17.010000,17.170000,16.820000,16.920000,-0.010526,1624953.000000,27523032.750000,10025776800.000000,11844000000.000000,0.002742,17.338189,2013-06-30,2013-08-06,19.095322,1.021061,10.584651,3.117813,4.061333
sz002470,2013-09-09,17.190000,17.270000,16.900000,17.100000,-0.005814,3045262.000000,51979182.900000,10132434000.000000,11970000000.000000,0.005139,17.522632,2013-06-30,2013-08-06,19.298458,1.031923,10.697250,3.150980,4.104537
sz002470,2013-09-06,16.320000,17.500000,16.210000,17.200000,0.050703,6388045.000000,108591544.580000,4300000000.000000,12040000000.000000,0.025552,17.625105,2013-06-30,2013-08-06,19.411315,1.037958,10.759807,3.169407,4.128541
sz002470,2013-09-05,16.970000,16.970000,16.310000,16.370000,-0.030787,3376605.000000,55621459.500000,4092500000.000000,11459000000.000000,0.013506,16.774583,2013-06-30,2013-08-06,18.474597,0.987870,10.240579,3.016463,3.929313
sz002470,2013-09-04,16.790000,17.100000,16.750000,16.890000,0.005956,3387459.000000,57340650.930000,4222500000.000000,11823000000.000000,0.013550,17.307427,2013-06-30,2013-08-06,19.061442,1.019250,10.565871,3.112281,4.054127
sz002470,2013-09-03,16.480000,17.060000,16.360000,16.790000,0.021911,3887408.000000,65381718.610000,4197500000.000000,11753000000.000000,0.015550,17.204954,2013-06-30,2013-08-06,18.948584,1.013215,10.503313,3.093854,4.030124
sz002470,2013-09-02,15.900000,16.520000,15.850000,16.430000,0.033333,1400424.000000,22778743.270000,4107500000.000000,11501000000.000000,0.005602,16.836059,2013-06-30,2013-08-06,18.542304,0.991490,10.278109,3.027518,3.943713
sz002470,2013-08-30,16.250000,16.430000,15.880000,15.900000,-0.021538,1456195.000000,23518246.970000,3975000000.000000,11130000000.000000,0.005825,16.292966,2013-06-30,2013-08-06,17.944171,0.959507,9.946561,2.929857,3.816498
sz002470,2013-08-29,16.410000,16.500000,16.150000,16.250000,-0.009146,1027491.000000,16715420.220000,4062500000.000000,11375000000.000000,0.004110,16.651608,2013-06-30,2013-08-06,18.339160,0.980628,10.165505,2.994350,3.900507
sz002470,2013-08-28,16.710000,16.710000,16.390000,16.400000,-0.017964,1603259.000000,26478915.350000,4100000000.000000,11480000000.000000,0.006413,16.805309,2013-06-30,2013-08-06,18.508438,0.989680,10.259337,3.021989,3.936510
sz002470,2013-08-27,16.880000,17.070000,16.550000,16.700000,-0.010664,1760197.000000,29552990.660000,4175000000.000000,11690000000.000000,0.007041,17.112722,2013-06-30,2013-08-06,18.847005,1.007783,10.447007,3.077269,4.008519
sz002470,2013-08-26,16.550000,16.980000,16.400000,16.880000,0.018709,1879385.000000,31652459.340000,4220000000.000000,11816000000.000000,0.007518,17.297179,2013-06-30,2013-08-06,19.050156,1.018646,10.559615,3.110438,4.051727
sz002470,2013-08-23,16.610000,16.840000,16.300000,16.570000,-0.001807,2564651.000000,42669440.320000,4142500000.000000,11599000000.000000,0.010259,16.979510,2013-06-30,2013-08-06,18.700292,0.999938,10.365683,3.053314,3.977315
sz002470,2013-08-22,16.360000,16.800000,16.260000,16.600000,0.013431,1921481.000000,31936000.690000,4150000000.000000,11620000000.000000,0.007686,17.010247,2013-06-30,2013-08-06,18.734145,1.001749,10.384448,3.058841,3.984515
sz002470,2013-08-21,16.050000,16.380000,15.880000,16.380000,0.019925,1649301.000000,26756290.370000,4095000000.000000,11466000000.000000,0.006597,16.784810,2013-06-30,2013-08-06,18.485861,0.988472,10.246823,3.018302,3.931708
sz002470,2013-08-20,16.180000,16.310000,15.980000,16.060000,-0.008642,1185592.000000,19161315.340000,4015000000.000000,11242000000.000000,0.004742,16.456907,2013-06-30,2013-08-06,18.124726,0.969162,10.046644,2.959338,3.854900
sz002470,2013-08-19,15.500000,16.290000,15.410000,16.200000,0.037132,1709782.000000,27390399.020000,4050000000.000000,11340000000.000000,0.006839,16.600367,2013-06-30,2013-08-06,18.282726,0.977610,10.134224,2.985135,3.888504
sz002470,2013-08-16,15.440000,16.100000,15.440000,15.620000,-0.002554,1021349.000000,16149097.350000,3905000000.000000,10934000000.000000,0.004085,16.006031,2013-06-30,2013-08-06,17.628157,0.942609,9.771392,2.878260,3.749286
sz002470,2013-08-15,15.970000,16.090000,15.620000,15.660000,-0.018797,1530381.000000,24178306.570000,3915000000.000000,10962000000.000000,0.006122,16.047015,2013-06-30,2013-08-06,17.673295,0.945023,9.796412,2.885630,3.758886
sz002470,2013-08-14,16.350000,16.390000,15.920000,15.960000,-0.028606,2118190.000000,34170032.180000,3990000000.000000,11172000000.000000,0.008473,16.354429,2013-06-30,2013-08-06,18.011864,0.963127,9.984083,2.940910,3.830895
sz002470,2013-08-13,16.300000,16.540000,16.140000,16.430000,0.008594,1435494.000000,23491014.660000,4107500000.000000,11501000000.000000,0.005742,16.836041,2013-06-30,2013-08-06,18.542284,0.991489,10.278098,3.027515,3.943709
sz002470,2013-08-12,15.940000,16.480000,15.780000,16.290000,0.021957,2514514.000000,40672440.640000,4072500000.000000,11403000000.000000,0.010058,16.692585,2013-06-30,2013-08-06,18.384289,0.983041,10.190521,3.001718,3.910105
sz002470,2013-08-09,15.630000,16.030000,15.600000,15.940000,0.023107,2941750.000000,46672020.290000,3985000000.000000,11158000000.000000,0.011767,16.333941,2013-06-30,2013-08-06,17.989298,0.961920,9.971575,2.937226,3.826096
sz002470,2013-08-08,15.700000,15.720000,15.390000,15.580000,-0.001282,1793380.000000,27846795.800000,3895000000.000000,10906000000.000000,0.007174,15.965037,2013-06-30,2013-08-06,17.583008,0.940195,9.746366,2.870888,3.739683
sz002470,2013-08-07,15.720000,15.950000,15.510000,15.600000,-0.012658,2345486.000000,36838452.080000,3900000000.000000,10920000000.000000,0.009382,15.985530,2013-06-30,2013-08-06,17.605578,0.941402,9.758877,2.874573,3.744483
sz002470,2013-08-06,15.640000,16.100000,15.510000,15.800000,0.014121,3239939.000000,51218522.410000,3950000000.000000,11060000000.000000,0.012960,16.190469,2013-06-30,2013-08-06,17.831287,0.953471,9.883988,2.911426,3.792489
sz002470,2013-08-05,15.020000,15.670000,15.020000,15.580000,0.033842,2884425.000000,44529301.270000,3895000000.000000,10906000000.000000,0.011538,15.965027,2013-03-31,2013-04-25,19.062183,1.002993,19.297387,2.951681,3.739681
sz002470,2013-08-02,15.120000,15.180000,14.910000,15.070000,-0.002647,2701551.000000,40640228.210000,3767500000.000000,10549000000.000000,0.010806,15.442424,2013-03-31,2013-04-25,18.438197,0.970160,18.665702,2.855060,3.617265
sz002470,2013-08-01,14.720000,15.140000,14.720000,15.110000,0.012735,3325400.000000,49969916.620000,3777500000.000000,10577000000.000000,0.013302,15.483409,2013-03-31,2013-04-25,18.487133,0.972735,18.715241,2.862637,3.626866
sz002470,2013-07-31,14.890000,15.000000,14.620000,14.920000,0.006748,1270359.000000,18828869.110000,3730000000.000000,10444000000.000000,0.005081,15.288707,2013-03-31,2013-04-25,18.254660,0.960503,18.479900,2.826640,3.581258
sz002470,2013-07-30,14.760000,15.100000,14.760000,14.820000,-0.006036,2328857.000000,34781054.400000,3705000000.000000,10374000000.000000,0.009315,15.186230,2013-03-31,2013-04-25,18.132303,0.954065,18.356033,2.807694,3.557254
sz002470,2013-07-29,14.730000,15.000000,14.590000,14.910000,0.007432,1875515.000000,27901333.660000,3727500000.000000,10437000000.000000,0.007502,15.278451,2013-03-31,2013-04-25,18.242414,0.959859,18.467503,2.824744,3.578856
sz002470,2013-07-26,14.430000,14.900000,14.410000,14.800000,0.015089,2427950.000000,35693993.410000,3700000000.000000,10360000000.000000,0.009712,15.165739,2013-03-31,2013-04-25,18.107837,0.952778,18.331265,2.803905,3.552454
sz002470,2013-07-25,14.420000,14.750000,14.390000,14.580000,0.005517,2010477.000000,29330608.510000,3645000000.000000,10206000000.000000,0.008042,14.940305,2013-03-31,2013-04-25,17.838669,0.938615,18.058776,2.762226,3.499648
sz002470,2013-07-24,14.430000,14.650000,14.150000,14.500000,0.002766,2445150.000000,35103130.900000,3625000000.000000,10150000000.000000,0.009781,14.858332,2013-03-31,2013-04-25,17.740793,0.933465,17.959693,2.747070,3.480446
sz002470,2013-07-23,14.060000,14.510000,13.890000,14.460000,0.032120,1915795.000000,27440260.750000,3615000000.000000,10122000000.000000,0.007663,14.817347,2013-03-31,2013-04-25,17.691857,0.930890,17.910153,2.739493,3.470846
sz002470,2013-07-22,13.920000,14.150000,13.760000,14.010000,0.008639,1959956.000000,27248863.610000,3502500000.000000,9807000000.000000,0.007840,14.356225,2013-03-31,2013-04-25,17.141279,0.901921,17.352782,2.654239,3.362832
sz002470,2013-07-19,14.400000,14.570000,13.870000,13.890000,-0.038754,2089734.000000,29609154.360000,3472500000.000000,9723000000.000000,0.008359,14.233264,2013-03-31,2013-04-25,16.994464,0.894196,17.204155,2.631505,3.334029
sz002470,2013-07-18,14.440000,14.570000,14.200000,14.450000,-0.006873,1532712.000000,22018418.250000,3612500000.000000,10115000000.000000,0.006131,14.807098,2013-03-31,2013-04-25,17.679620,0.930246,17.897765,2.737598,3.468445
sz002470,2013-07-17,14.750000,14.750000,14.450000,14.550000,-0.013559,1753608.000000,25579085.440000,3637500000.000000,10185000000.000000,0.007014,14.909572,2013-03-31,2013-04-25,17.801973,0.936684,18.021628,2.756544,3.492449
sz002470,2013-07-16,14.780000,14.850000,14.550000,14.750000,0.011660,2650021.000000,38828147.470000,3687500000.000000,10325000000.000000,0.010600,15.114509,2013-03-31,2013-04-25,18.046668,0.949559,18.269342,2.794433,3.540454
sz002470,2013-07-15,14.510000,14.980000,14.480000,14.580000,-0.007488,2694243.000000,39480758.340000,3645000000.000000,10206000000.000000,0.010777,14.940305,2013-03-31,2013-04-25,17.838669,0.938615,18.058777,2.762226,3.499648
sz002470,2013-07-12,14.710000,15.140000,14.580000,14.690000,0.000000,1365989.000000,20299811.410000,3672500000.000000,10283000000.000000,0.005464,15.053022,2013-03-31,2013-04-25,17.973253,0.945696,18.195021,2.783066,3.526051
sz002470,2013-07-11,14.210000,15.040000,14.210000,14.690000,0.034507,1764671.000000,25868627.770000,3672500000.000000,10283000000.000000,0.007059,15.053022,2013-03-31,2013-04-25,17.973253,0.945696,18.195021,2.783066,3.526051
sz002470,2013-07-10,13.780000,14.320000,13.730000,14.200000,0.034232,884349.000000,12420843.770000,3550000000.000000,9940000000.000000,0.003537,14.550914,2013-03-31,2013-04-25,17.373737,0.914152,17.588108,2.690234,3.408436
sz002470,2013-07-09,13.590000,13.870000,13.480000,13.730000,0.007337,488087.000000,6705540.480000,3432500000.000000,9611000000.000000,0.001952,14.069294,2013-03-31,2013-04-25,16.798685,0.883894,17.005960,2.601190,3.295620
sz002470,2013-07-08,14.180000,14.180000,13.630000,13.630000,-0.048184,1749452.000000,24176044.060000,3407500000.000000,9541000000.000000,0.006998,13.966819,2013-03-31,2013-04-25,16.676330,0.877456,16.882096,2.582244,3.271616
sz002470,2013-07-05,14.230000,14.620000,14.230000,14.320000,-0.000698,1242302.000000,17935309.020000,3580000000.000000,10024000000.000000,0.004969,14.673865,2013-03-31,2013-04-25,17.520540,0.921876,17.736722,2.712965,3.437236
sz002470,2013-07-04,14.090000,14.430000,13.940000,14.330000,0.011291,1344849.000000,19152743.840000,3582500000.000000,10031000000.000000,0.005379,14.684114,2013-03-31,2013-04-25,17.532778,0.922520,17.749111,2.714860,3.439637
sz002470,2013-07-03,14.180000,14.220000,13.810000,14.170000,-0.004216,1582701.000000,22262738.460000,3542500000.000000,9919000000.000000,0.006331,14.520167,2013-03-31,2013-04-25,17.337026,0.912220,17.550943,2.684549,3.401234
sz002470,2013-07-02,13.740000,14.240000,13.700000,14.230000,0.030413,1981279.000000,27805933.680000,3557500000.000000,9961000000.000000,0.007925,14.581643,2013-03-31,2013-04-25,17.410428,0.916082,17.625252,2.695915,3.415634
sz002470,2013-07-01,14.090000,14.300000,13.400000,13.810000,-0.019176,4700430.000000,64355897.270000,3452500000.000000,9667000000.000000,0.018802,14.151261,2013-03-31,2013-04-25,16.896553,0.889044,17.105036,2.616344,3.314820
sz002470,2013-06-28,14.720000,14.760000,14.010000,14.080000,-0.044128,2378993.000000,34025289.770000,3520000000.000000,9856000000.000000,0.009516,14.427931,2013-03-31,2013-04-25,17.226896,0.906426,17.439455,2.667496,3.379628
sz002470,2013-06-27,15.270000,15.450000,14.700000,14.730000,-0.034731,951835.000000,14340206.910000,3682500000.000000,10311000000.000000,0.003807,15.093999,2013-03-31,2013-04-25,18.022179,0.948271,18.244551,2.790641,3.535649
sz002470,2013-06-26,14.950000,15.390000,14.850000,15.260000,0.020736,812929.000000,12325431.270000,3815000000.000000,10682000000.000000,0.003252,15.637091,2013-03-31,2013-04-25,18.670628,0.982390,18.901001,2.891051,3.662864
sz002470,2013-06-25,14.730000,15.100000,13.680000,14.950000,0.014936,1476691.000000,21457639.570000,3737500000.000000,10465000000.000000,0.005907,15.319427,2013-03-31,2013-04-25,18.291339,0.962433,18.517032,2.832320,3.588454
sz002470,2013-06-24,16.380000,16.380000,14.710000,14.730000,-0.087926,1895938.000000,29256920.340000,3682500000.000000,10311000000.000000,0.007584,15.093983,2013-03-31,2013-04-25,18.022160,0.948270,18.244532,2.790639,3.535646
sz002470,2013-06-21,15.850000,16.240000,15.680000,16.150000,0.009375,909000.000000,14448852.460000,4037500000.000000,11305000000.000000,0.003636,16.549078,2013-03-31,2013-04-25,19.759537,1.039685,20.003346,3.059662,3.876490
sz002470,2013-06-20,16.450000,16.650000,15.900000,16.000000,-0.036145,881806.000000,14412364.310000,4000000000.000000,11200000000.000000,0.003527,16.395371,2013-03-31,2013-04-25,19.576012,1.030029,19.817556,3.031245,3.840485
sz002470,2013-06-19,16.600000,16.700000,16.300000,16.600000,-0.011905,1011768.000000,16633859.060000,4150000000.000000,11620000000.000000,0.004047,17.010205,2013-03-31,2013-04-25,20.310122,1.068655,20.560724,3.144918,3.984505
sz002470,2013-06-18,16.580000,16.820000,16.330000,16.800000,0.013881,1369059.000000,22831053.540000,4200000000.000000,11760000000.000000,0.005476,17.215151,2013-03-31,2013-04-25,20.554827,1.081531,20.808448,3.182809,4.032512
sz002470,2013-06-17,16.500000,16.620000,16.200000,16.570000,0.006072,1171146.000000,19324009.370000,4142500000.000000,11599000000.000000,0.004685,16.979459,2013-03-31,2013-04-25,20.273412,1.066724,20.523561,3.139233,3.977303
sz002470,2013-06-14,16.220000,16.530000,16.180000,16.470000,0.019183,750068.000000,12295469.320000,4117500000.000000,11529000000.000000,0.003000,16.876982,2013-03-31,2013-04-25,20.151054,1.060286,20.399694,3.120287,3.953299
sz002470,2013-06-13,16.290000,16.300000,15.600000,16.160000,-0.020012,869761.000000,13943804.800000,4040000000.000000,11312000000.000000,0.003479,16.559325,2013-03-31,2013-04-25,19.771772,1.040329,20.015732,3.061557,3.878890
sz002470,2013-06-07,16.350000,16.540000,15.970000,16.490000,0.012277,2031045.000000,33138578.750000,4122500000.000000,11543000000.000000,0.008124,16.897477,2013-03-31,2013-04-25,20.175525,1.061573,20.424466,3.124076,3.958100
sz002470,2013-06-06,16.360000,16.590000,16.250000,16.290000,-0.012129,1135821.000000,18639599.980000,4072500000.000000,11403000000.000000,0.004543,16.692543,2013-03-31,2013-04-25,19.930834,1.048698,20.176756,3.086187,3.910096
sz002470,2013-06-05,16.700000,16.810000,16.300000,16.490000,-0.013756,1411260.000000,23366126.450000,4122500000.000000,11543000000.000000,0.005645,16.897493,2013-03-31,2013-04-25,20.175543,1.061574,20.424485,3.124079,3.958103
sz002470,2013-06-04,17.100000,17.100000,16.530000,16.720000,-0.025073,2126830.000000,35665434.320000,4180000000.000000,11704000000.000000,0.008507,17.133176,2013-03-31,2013-04-25,20.456949,1.076381,20.709363,3.167653,4.013310
sz002470,2013-06-03,17.650000,17.900000,17.090000,17.150000,-0.029428,2665600.000000,46530297.970000,4287500000.000000,12005000000.000000,0.010662,17.573804,2013-03-31,2013-04-25,20.983057,1.104063,21.241963,3.249118,4.116524
sz002470,2013-05-31,17.400000,17.780000,17.310000,17.670000,0.018444,2583264.000000,45496909.920000,4417500000.000000,12369000000.000000,0.010333,18.106647,2013-03-31,2013-04-25,21.619269,1.137538,21.886025,3.347632,4.241338
sz002470,2013-05-30,17.520000,17.760000,17.320000,17.350000,-0.016302,2203943.000000,38509729.330000,4337500000.000000,12145000000.000000,0.008816,17.778736,2013-03-31,2013-04-25,21.227745,1.116938,21.489669,3.287007,4.164528
sz002470,2013-05-29,17.470000,17.820000,17.400000,17.790000,0.018900,2759770.000000,48729742.760000,4447500000.000000,12453000000.000000,0.011039,18.073368,2013-03-31,2013-04-25,21.579534,1.135448,21.845799,3.341480,4.233543
sz002470,2013-05-28,17.890000,17.980000,17.420000,17.460000,-0.023490,2154624.000000,37843106.220000,4365000000.000000,12222000000.000000,0.008618,17.738118,2013-03-31,2013-04-25,21.179246,1.114386,21.440573,3.279497,4.155013
sz002470,2013-05-27,17.670000,18.030000,17.660000,17.880000,0.013031,2329432.000000,41569753.730000,4470000000.000000,12516000000.000000,0.009318,18.164809,2013-03-31,2013-04-25,21.688714,1.141192,21.956327,3.358386,4.254962
sz002470,2013-05-24,17.600000,17.800000,17.460000,17.650000,0.001703,2618269.000000,46162596.740000,4412500000.000000,12355000000.000000,0.010473,17.931148,2013-03-31,2013-04-25,21.409724,1.126513,21.673894,3.315185,4.200229
sz002470,2013-05-23,17.820000,17.970000,17.450000,17.620000,-0.012332,1988527.000000,35179855.910000,4405000000.000000,12334000000.000000,0.007954,17.900663,2013-03-31,2013-04-25,21.373325,1.124598,21.637046,3.309549,4.193088
sz002470,2013-05-22,18.350000,18.350000,17.820000,17.840000,-0.029380,2295828.000000,41350435.350000,4460000000.000000,12488000000.000000,0.009183,18.124171,2013-03-31,2013-04-25,21.640192,1.138639,21.907206,3.350872,4.245443
sz002470,2013-05-21,18.390000,18.450000,18.140000,18.380000,-0.002172,2085110.000000,38168150.180000,4595000000.000000,12866000000.000000,0.008340,18.672777,2013-03-31,2013-04-25,22.295226,1.173105,22.570322,3.452301,4.373950
sz002470,2013-05-20,17.880000,18.600000,17.450000,18.420000,0.036579,4021764.000000,72226318.150000,4605000000.000000,12894000000.000000,0.016087,18.713422,2013-03-31,2013-04-25,22.343757,1.175659,22.619451,3.459815,4.383470
sz002470,2013-05-17,17.600000,17.830000,17.550000,17.770000,0.006229,2134089.000000,37764402.750000,4442500000.000000,12439000000.000000,0.008536,18.053059,2013-03-31,2013-04-25,21.555286,1.134172,21.821252,3.337725,4.228786
sz002470,2013-05-16,18.000000,18.210000,17.500000,17.660000,-0.026997,3037139.000000,54401234.370000,4415000000.000000,12362000000.000000,0.012149,17.941303,2013-03-31,2013-04-25,21.421849,1.127151,21.686169,3.317063,4.202608
sz002470,2013-05-15,17.900000,18.170000,17.660000,18.150000,0.012835,2519586.000000,45198580.690000,4537500000.000000,12705000000.000000,0.010078,18.439103,2013-03-31,2013-04-25,22.016221,1.158425,22.287874,3.409098,4.319213
sz002470,2013-05-14,17.610000,17.930000,17.460000,17.920000,0.012429,2946543.000000,52188390.670000,4480000000.000000,12544000000.000000,0.011786,18.205437,2013-03-31,2013-04-25,21.737224,1.143745,22.005435,3.365897,4.264479
sz002470,2013-05-13,17.420000,17.890000,17.250000,17.700000,0.023121,4021571.000000,70981474.860000,4425000000.000000,12390000000.000000,0.016086,17.981939,2013-03-31,2013-04-25,21.470369,1.129704,21.735287,3.324576,4.212126
sz002470,2013-05-10,17.000000,17.460000,16.980000,17.300000,0.014068,2669849.000000,46210372.740000,4325000000.000000,12110000000.000000,0.010679,17.575574,2013-03-31,2013-04-25,20.985171,1.104174,21.244102,3.249445,4.116939
sz002470,2013-05-09,17.160000,17.340000,16.970000,17.060000,-0.014443,3171252.000000,54025710.770000,4265000000.000000,11942000000.000000,0.012685,17.331751,2013-03-31,2013-04-25,20.694047,1.088856,20.949386,3.204366,4.059825
sz002470,2013-05-08,17.300000,17.530000,17.060000,17.310000,0.000578,1466716.000000,25287137.170000,4327500000.000000,12117000000.000000,0.005867,17.585742,2013-03-31,2013-04-25,20.997311,1.104813,21.256392,3.251325,4.119320
sz002470,2013-05-07,17.150000,17.540000,17.060000,17.300000,0.007571,2122618.000000,36761614.000000,4325000000.000000,12110000000.000000,0.008490,17.575583,2013-03-31,2013-04-25,20.985181,1.104175,21.244113,3.249447,4.116941
sz002470,2013-05-06,17.080000,17.380000,17.080000,17.170000,0.004681,1962445.000000,33847830.100000,4292500000.000000,12019000000.000000,0.007850,17.443519,2013-03-31,2013-04-25,20.827496,1.095878,21.084482,3.225030,4.086006
sz002470,2013-05-03,17.200000,17.300000,17.020000,17.090000,-0.001169,2779947.000000,47651067.600000,4272500000.000000,11963000000.000000,0.011120,17.362246,2013-03-31,2013-04-25,20.730457,1.090772,20.986246,3.210004,4.066968
sz002470,2013-05-02,16.590000,17.110000,16.550000,17.110000,0.033837,1800884.000000,30203402.240000,4277500000.000000,11977000000.000000,0.007204,17.382566,2013-03-31,2013-04-25,20.754719,1.092049,21.010807,3.213761,4.071728
sz002470,2013-04-26,16.520000,16.890000,16.440000,16.550000,-0.002411,1183922.000000,19688811.570000,4137500000.000000,11585000000.000000,0.004736,16.813643,2013-03-31,2013-04-25,20.075427,1.056306,20.323134,3.108576,3.938462
sz002470,2013-04-25,15.980000,17.000000,15.950000,16.590000,0.038173,3073411.000000,51124201.990000,4147500000.000000,11613000000.000000,0.012294,16.854279,2013-03-31,2013-04-25,20.123946,1.058859,20.372251,3.116089,3.947981
sz002470,2013-04-24,15.950000,16.150000,15.800000,15.980000,0.011392,1476181.000000,23592420.150000,3995000000.000000,11186000000.000000,0.005905,16.234557,2012-12-31,2013-03-26,20.452026,1.090867,24.399495,3.170889,3.802816
sz002470,2013-04-23,16.700000,16.710000,15.800000,15.800000,-0.048193,1501388.000000,24131018.960000,3950000000.000000,11060000000.000000,0.006006,16.051696,2012-12-31,2013-03-26,20.221661,1.078580,24.124667,3.135174,3.759982
sz002470,2013-04-22,16.480000,16.650000,16.320000,16.600000,0.004235,927042.000000,15283043.940000,4150000000.000000,11620000000.000000,0.003708,16.864444,2012-12-31,2013-03-26,21.245547,1.133192,25.346175,3.293917,3.950362
sz002470,2013-04-19,16.180000,16.550000,16.130000,16.530000,0.021632,1532457.000000,25127742.450000,4132500000.000000,11571000000.000000,0.006130,16.793324,2012-12-31,2013-03-26,21.155952,1.128413,25.239287,3.280026,3.933703
sz002470,2013-04-18,16.190000,16.300000,16.020000,16.180000,-0.000618,782436.000000,12651801.180000,4045000000.000000,11326000000.000000,0.003130,16.437743,2012-12-31,2013-03-26,20.707997,1.104520,24.704871,3.210575,3.850411
sz002470,2013-04-17,15.930000,16.400000,15.930000,16.190000,0.013141,872485.000000,14131496.680000,4047500000.000000,11333000000.000000,0.003490,16.447908,2012-12-31,2013-03-26,20.720802,1.105203,24.720148,3.212561,3.852792
sz002470,2013-04-16,15.800000,16.150000,15.770000,15.980000,0.006931,775804.000000,12366541.700000,3995000000.000000,11186000000.000000,0.003103,16.234569,2012-12-31,2013-03-26,20.452042,1.090868,24.399514,3.170892,3.802819
sz002470,2013-04-15,16.300000,16.300000,15.580000,15.870000,-0.029358,1325682.000000,21055097.190000,3967500000.000000,11109000000.000000,0.005303,16.122822,2012-12-31,2013-03-26,20.311264,1.083359,24.231565,3.149066,3.776643
sz002470,2013-04-12,16.580000,16.740000,16.350000,16.350000,-0.015653,526037.000000,8706716.630000,4087500000.000000,11445000000.000000,0.002104,16.610472,2012-12-31,2013-03-26,20.925598,1.116127,24.964472,3.244312,3.890871
sz002470,2013-04-11,17.000000,17.220000,16.580000,16.610000,-0.021214,1359390.000000,23007543.760000,4152500000.000000,11627000000.000000,0.005438,16.874611,2012-12-31,2013-03-26,21.258355,1.133875,25.361455,3.295903,3.952743
sz002470,2013-04-10,17.050000,17.360000,16.850000,16.970000,0.000590,1232430.000000,21115907.530000,4242500000.000000,11879000000.000000,0.004930,17.240347,2012-12-31,2013-03-26,21.719104,1.158451,25.911134,3.367338,4.038414
sz002470,2013-04-09,16.570000,17.130000,16.570000,16.960000,0.018007,1012504.000000,17182200.830000,4240000000.000000,11872000000.000000,0.004050,17.230182,2012-12-31,2013-03-26,21.706297,1.157767,25.895855,3.365352,4.036033
sz002470,2013-04-08,16.590000,16.720000,16.200000,16.660000,-0.007151,1425790.000000,23463397.960000,4165000000.000000,11662000000.000000,0.005703,16.925406,2012-12-31,2013-03-26,21.322346,1.137288,25.437797,3.305824,3.964642
sz002470,2013-04-03,16.400000,17.050000,16.210000,16.780000,0.016970,1877973.000000,31346495.540000,4195000000.000000,11746000000.000000,0.007512,17.047311,2012-12-31,2013-03-26,21.475920,1.145480,25.621013,3.329634,3.993197
sz002470,2013-04-02,16.590000,16.660000,16.200000,16.500000,-0.000606,1090772.000000,17965401.320000,4125000000.000000,11550000000.000000,0.004363,16.762846,2012-12-31,2013-03-26,21.117555,1.126365,25.193479,3.274073,3.926563
sz002470,2013-04-01,16.300000,16.540000,15.990000,16.510000,0.010404,1813908.000000,29423935.480000,4127500000.000000,11557000000.000000,0.007256,16.773010,2012-12-31,2013-03-26,21.130360,1.127048,25.208756,3.276059,3.928944
sz002470,2013-03-29,16.380000,16.600000,16.260000,16.340000,-0.003659,1511049.000000,24764342.580000,4085000000.000000,11438000000.000000,0.006044,16.600301,2012-12-31,2013-03-26,20.912784,1.115443,24.949185,3.242326,3.888489
sz002470,2013-03-28,16.750000,16.750000,16.350000,16.400000,-0.021480,892210.000000,14698839.590000,4100000000.000000,11480000000.000000,0.003569,16.661264,2012-12-31,2013-03-26,20.989585,1.119540,25.040809,3.254233,3.902769
sz002470,2013-03-27,16.410000,16.800000,16.410000,16.760000,0.015758,1002457.000000,16663654.220000,4190000000.000000,11732000000.000000,0.004010,17.027004,2012-12-31,2013-03-26,21.450338,1.144115,25.590493,3.325668,3.988440
sz002470,2013-03-26,16.800000,16.800000,16.200000,16.500000,-0.029982,1868467.000000,30675312.170000,4125000000.000000,11550000000.000000,0.007474,16.762855,2012-12-31,2013-03-26,21.117567,1.126366,25.193494,3.274075,3.926566
sz002470,2013-03-25,17.420000,17.480000,16.970000,17.010000,-0.015055,1147250.000000,19676143.030000,4252500000.000000,11907000000.000000,0.004589,17.280973,2012-09-30,2012-10-16,22.202994,1.246032,23.931122,3.423173,4.047931
sz002470,2013-03-22,17.080000,17.570000,17.020000,17.270000,0.010532,1921687.000000,33357725.380000,4317500000.000000,12089000000.000000,0.007687,17.545115,2012-09-30,2012-10-16,22.542369,1.265077,24.296912,3.475496,4.109804
sz002470,2013-03-21,16.960000,17.150000,16.800000,17.090000,0.014846,1338853.000000,22760099.760000,4272500000.000000,11963000000.000000,0.005355,17.362256,2012-09-30,2012-10-16,22.307427,1.251892,24.043684,3.439274,4.066970
sz002470,2013-03-20,16.170000,16.940000,16.170000,16.840000,0.035670,1167901.000000,19439523.370000,4210000000.000000,11788000000.000000,0.004672,17.108266,2012-09-30,2012-10-16,21.981096,1.233579,23.691953,3.388961,4.007475
sz002470,2013-03-19,16.300000,16.600000,16.000000,16.260000,-0.008537,1103992.000000,17928948.110000,4065000000.000000,11382000000.000000,0.004416,16.519032,2012-09-30,2012-10-16,21.224035,1.191092,22.875967,3.272241,3.869452
sz002470,2013-03-18,16.250000,16.710000,16.060000,16.400000,0.002445,876859.000000,14460179.790000,4100000000.000000,11480000000.000000,0.003507,16.661270,2012-09-30,2012-10-16,21.406784,1.201348,23.072941,3.300416,3.902770
sz002470,2013-03-15,16.080000,16.850000,15.780000,16.360000,0.020586,2436517.000000,39824994.290000,4090000000.000000,11452000000.000000,0.009746,16.620632,2012-09-30,2012-10-16,21.354573,1.198418,23.016665,3.292366,3.893251
sz002470,2013-03-14,16.100000,16.330000,15.950000,16.030000,-0.001868,1039253.000000,16783254.900000,4007500000.000000,11221000000.000000,0.004157,16.285381,2012-09-30,2012-10-16,20.923834,1.174245,22.552402,3.225957,3.814721
sz002470,2013-03-13,16.150000,16.290000,15.770000,16.060000,-0.004340,1443723.000000,23032116.330000,4015000000.000000,11242000000.000000,0.005775,16.315859,2012-09-30,2012-10-16,20.962993,1.176443,22.594608,3.231994,3.821860
sz002470,2013-03-12,16.700000,16.790000,15.900000,16.130000,-0.037015,2729024.000000,44492186.510000,4032500000.000000,11291000000.000000,0.010916,16.386979,2012-09-30,2012-10-16,21.054369,1.181571,22.693096,3.246082,3.838520
sz002470,2013-03-11,16.830000,16.980000,16.640000,16.750000,-0.006524,904962.000000,15218050.950000,4187500000.000000,11725000000.000000,0.003620,17.016858,2012-09-30,2012-10-16,21.863652,1.226988,23.565369,3.370854,3.986064
sz002470,2013-03-08,17.210000,17.360000,16.700000,16.860000,-0.023175,2290771.000000,38908923.870000,4215000000.000000,11802000000.000000,0.009163,17.128605,2012-09-30,2012-10-16,22.007228,1.235045,23.720119,3.392990,4.012240
sz002470,2013-03-07,17.800000,17.800000,17.200000,17.260000,-0.027606,2299075.000000,40127894.660000,4315000000.000000,12082000000.000000,0.009196,17.534978,2012-09-30,2012-10-16,22.529345,1.264346,24.282874,3.473488,4.107429
sz002470,2013-03-06,17.380000,17.880000,17.250000,17.750000,0.021877,2658951.000000,46628281.430000,4437500000.000000,12425000000.000000,0.010636,18.032791,2012-09-30,2012-10-16,23.168947,1.300241,24.972258,3.572100,4.224038
sz002470,2013-03-05,17.250000,17.430000,17.000000,17.370000,0.001153,1755746.000000,30214004.270000,4342500000.000000,12159000000.000000,0.007023,17.646734,2012-09-30,2012-10-16,22.672931,1.272404,24.437636,3.495626,4.133607
sz002470,2013-03-04,17.320000,17.680000,16.900000,17.350000,0.005797,3004994.000000,51731207.320000,4337500000.000000,12145000000.000000,0.012020,17.626410,2012-09-30,2012-10-16,22.646820,1.270939,24.409492,3.491600,4.128847
sz002470,2013-03-01,16.900000,17.380000,16.820000,17.250000,0.018300,1978072.000000,34010225.520000,4312500000.000000,12075000000.000000,0.007912,17.524819,2012-09-30,2012-10-16,22.516293,1.263614,24.268806,3.471476,4.105050
sz002470,2013-02-28,16.650000,16.990000,16.610000,16.940000,0.024184,1525742.000000,25716773.960000,4235000000.000000,11858000000.000000,0.006103,17.209878,2012-09-30,2012-10-16,22.111649,1.240905,23.832668,3.409090,4.031277
sz002470,2013-02-27,17.150000,17.500000,16.500000,16.540000,-0.035006,2864119.000000,48406530.320000,4135000000.000000,11578000000.000000,0.011456,16.803502,2012-09-30,2012-10-16,21.589528,1.211604,23.269909,3.328591,3.936087
sz002470,2013-02-26,17.800000,17.800000,17.100000,17.140000,-0.041387,1837299.000000,32139732.690000,4285000000.000000,11998000000.000000,0.007349,17.413064,2012-09-30,2012-10-16,22.372707,1.255556,24.114045,3.449339,4.078872
sz002470,2013-02-25,17.310000,17.920000,17.300000,17.880000,0.035321,2185975.000000,38738707.980000,4470000000.000000,12516000000.000000,0.008744,18.164853,2012-09-30,2012-10-16,23.338623,1.309763,25.155141,3.598260,4.254972
sz002470,2013-02-22,17.290000,17.400000,17.140000,17.270000,-0.001157,1755948.000000,30326096.990000,4317500000.000000,12089000000.000000,0.007024,17.545141,2012-09-30,2012-10-16,22.542403,1.265079,24.296948,3.475502,4.109810
sz002470,2013-02-21,17.680000,17.850000,17.260000,17.290000,-0.025915,2225136.000000,38999902.870000,4322500000.000000,12103000000.000000,0.008901,17.565464,2012-09-30,2012-10-16,22.568514,1.266545,24.325092,3.479527,4.114570
sz002470,2013-02-20,17.250000,17.930000,17.230000,17.750000,0.028986,3394967.000000,59992798.780000,4437500000.000000,12425000000.000000,0.013580,18.032784,2012-09-30,2012-10-16,23.168937,1.300240,24.972248,3.572098,4.224036
sz002470,2013-02-19,17.350000,17.450000,17.160000,17.250000,-0.009759,2822975.000000,48775197.100000,4312500000.000000,12075000000.000000,0.011292,17.524810,2012-09-30,2012-10-16,22.516281,1.263613,24.268793,3.471474,4.105047
sz002470,2013-02-18,17.430000,17.590000,17.210000,17.420000,0.005774,2513227.000000,43692912.070000,4355000000.000000,12194000000.000000,0.010053,17.697520,2012-09-30,2012-10-16,22.738182,1.276066,24.507966,3.505686,4.145503
sz002470,2013-02-08,16.690000,17.380000,16.510000,17.320000,0.037747,2908946.000000,49763841.370000,4330000000.000000,12124000000.000000,0.011636,17.595921,2012-09-30,2012-10-16,22.607646,1.268741,24.367269,3.485560,4.121705
sz002470,2013-02-07,17.000000,17.050000,16.650000,16.690000,-0.018235,2803192.000000,46919515.920000,4172500000.000000,11683000000.000000,0.011213,16.955887,2012-09-30,2012-10-16,21.785316,1.222591,23.480935,3.358777,3.971782
sz002470,2013-02-06,16.660000,17.200000,16.600000,17.000000,0.021021,2434747.000000,41380242.130000,4250000000.000000,11900000000.000000,0.009739,17.270820,2012-09-30,2012-10-16,22.189949,1.245299,23.917062,3.421162,4.045552
sz002470,2013-02-05,16.260000,16.790000,16.200000,16.650000,0.022099,2363174.000000,39107220.400000,4162500000.000000,11655000000.000000,0.009453,16.915245,2012-09-30,2012-10-16,21.733098,1.219661,23.424653,3.350726,3.962262
sz002470,2013-02-04,16.400000,16.560000,16.080000,16.290000,-0.007917,2432818.000000,39491764.910000,4072500000.000000,11403000000.000000,0.009731,16.549517,2012-09-30,2012-10-16,21.263202,1.193290,22.918184,3.278279,3.876593
sz002470,2013-02-01,16.510000,16.810000,16.200000,16.420000,-0.004848,4022843.000000,66028792.860000,4105000000.000000,11494000000.000000,0.016091,16.681585,2012-09-30,2012-10-16,21.432887,1.202813,23.101075,3.304441,3.907529
sz002470,2013-01-31,16.610000,16.760000,16.290000,16.500000,-0.006623,2140157.000000,35291379.000000,4125000000.000000,11550000000.000000,0.008561,16.762852,2012-09-30,2012-10-16,21.537299,1.208673,23.213614,3.320539,3.926565
sz002470,2013-01-30,16.340000,16.970000,16.200000,16.610000,0.016524,4153731.000000,69147307.840000,4152500000.000000,11627000000.000000,0.016615,16.874612,2012-09-30,2012-10-16,21.680892,1.216731,23.368383,3.342677,3.952744
sz002470,2013-01-29,16.160000,16.490000,16.130000,16.340000,0.013648,3893860.000000,63551463.450000,4085000000.000000,11438000000.000000,0.015575,16.600309,2012-09-30,2012-10-16,21.328460,1.196953,22.988521,3.288341,3.888490
sz002470,2013-01-28,15.400000,16.160000,15.360000,16.120000,0.046753,3648016.000000,58253847.220000,4030000000.000000,11284000000.000000,0.014592,16.376798,2012-09-30,2012-10-16,21.041289,1.180837,22.678998,3.244066,3.836135
sz002470,2013-01-25,15.350000,15.490000,15.160000,15.400000,0.011162,1819249.000000,27882984.960000,3850000000.000000,10780000000.000000,0.007277,15.645332,2012-09-30,2012-10-16,20.101484,1.128095,21.666045,3.099170,3.664795
sz002470,2013-01-24,15.700000,16.000000,15.170000,15.230000,-0.029936,2889894.000000,45128145.130000,3807500000.000000,10661000000.000000,0.011560,15.472627,2012-09-30,2012-10-16,19.879588,1.115642,21.426879,3.064959,3.624340
sz002470,2013-01-23,15.650000,15.800000,15.480000,15.700000,-0.013199,3159345.000000,49319290.020000,3925000000.000000,10990000000.000000,0.012637,15.950109,2012-09-30,2012-10-16,20.493069,1.150071,22.088108,3.159543,3.736186
sz002470,2013-01-22,16.260000,16.440000,15.590000,15.910000,-0.020923,3601349.000000,57584267.130000,3977500000.000000,11137000000.000000,0.014405,16.163450,2012-09-30,2012-10-16,20.767175,1.165453,22.383549,3.201804,3.786160
sz002470,2013-01-21,16.350000,16.980000,16.160000,16.250000,0.024590,5006653.000000,82436380.650000,4062500000.000000,11375000000.000000,0.020027,16.508865,2012-09-30,2012-10-16,21.210972,1.190359,22.861888,3.270227,3.867071
sz002470,2013-01-18,15.700000,16.080000,15.620000,15.860000,0.017972,2689756.000000,42648086.640000,3965000000.000000,11102000000.000000,0.010759,16.112655,2012-09-30,2012-10-16,20.701912,1.161791,22.313206,3.191742,3.774261
sz002470,2013-01-17,15.950000,16.350000,15.470000,15.580000,-0.010794,4605422.000000,73202440.840000,3895000000.000000,10906000000.000000,0.018422,15.828191,2012-09-30,2012-10-16,20.336426,1.141280,21.919273,3.135392,3.707628
sz002470,2013-01-16,15.800000,15.900000,15.260000,15.750000,-0.005054,4228131.000000,65965383.290000,3937500000.000000,11025000000.000000,0.016913,16.000905,2012-09-30,2012-10-16,20.558332,1.153733,22.158451,3.169605,3.748085
sz002470,2013-01-15,15.100000,15.880000,15.030000,15.830000,0.046266,4656675.000000,72102521.710000,3957500000.000000,11081000000.000000,0.018627,16.082184,2012-09-30,2012-10-16,20.662762,1.159594,22.271009,3.185706,3.767124
sz002470,2013-01-14,14.040000,15.450000,14.040000,15.130000,0.071530,4576175.000000,67732421.490000,3782500000.000000,10591000000.000000,0.018305,15.371028,2012-09-30,2012-10-16,19.749052,1.108316,21.286182,3.044833,3.600541
sz002470,2013-01-11,14.520000,14.590000,14.060000,14.120000,-0.030885,2407022.000000,34407761.360000,3530000000.000000,9884000000.000000,0.009628,14.344935,2012-09-30,2012-10-16,18.430704,1.034331,19.865223,2.841576,3.360187
sz002470,2013-01-10,14.710000,14.750000,14.400000,14.570000,-0.012873,1842529.000000,26911022.940000,3642500000.000000,10199000000.000000,0.007370,14.802098,2012-09-30,2012-10-16,19.018077,1.067294,20.498313,2.932134,3.467274
sz002470,2013-01-09,14.520000,14.860000,14.500000,14.760000,0.016529,2867587.000000,42234449.430000,3690000000.000000,10332000000.000000,0.011470,14.995130,2012-09-30,2012-10-16,19.266090,1.081213,20.765629,2.970372,3.512490
sz002470,2013-01-08,14.500000,14.590000,14.360000,14.520000,-0.000688,1937082.000000,27995920.160000,3630000000.000000,10164000000.000000,0.007748,14.751306,2012-09-30,2012-10-16,18.952819,1.063632,20.427975,2.922073,3.455376
sz002470,2013-01-07,14.560000,14.600000,14.410000,14.530000,-0.002060,1664746.000000,24159224.530000,3632500000.000000,10171000000.000000,0.006659,14.761462,2012-09-30,2012-10-16,18.965867,1.064364,20.442040,2.924085,3.457755
sz002470,2013-01-04,14.600000,14.690000,14.470000,14.560000,0.006220,1797274.000000,26175931.040000,3640000000.000000,10192000000.000000,0.007189,14.791933,2012-09-30,2012-10-16,19.005017,1.066561,20.484237,2.930121,3.464893
sz002470,2012-12-31,14.350000,14.530000,14.300000,14.470000,0.006959,1942314.000000,27989980.180000,3617500000.000000,10129000000.000000,0.007769,14.700496,2012-09-30,2012-10-16,18.887537,1.059968,20.357613,2.912008,3.443474
sz002470,2012-12-28,14.500000,14.500000,14.210000,14.370000,-0.008966,3693188.000000,52766259.200000,3592500000.000000,10059000000.000000,0.014773,14.598902,2012-09-30,2012-10-16,18.757007,1.052643,20.216923,2.891884,3.419677
sz002470,2012-12-27,14.500000,14.620000,14.210000,14.500000,-0.003436,1894011.000000,27228673.000000,3625000000.000000,10150000000.000000,0.007576,14.730980,2012-09-30,2012-10-16,18.926704,1.062166,20.399828,2.918047,3.450615
sz002470,2012-12-26,14.420000,14.550000,14.200000,14.550000,0.009015,1809408.000000,26090053.770000,3637500000.000000,10185000000.000000,0.007238,14.781770,2012-09-30,2012-10-16,18.991960,1.065828,20.470163,2.928108,3.462512
sz002470,2012-12-25,14.140000,14.550000,14.130000,14.420000,0.017643,1670177.000000,24031218.840000,3605000000.000000,10094000000.000000,0.006681,14.649703,2012-09-30,2012-10-16,18.822277,1.056306,20.287274,2.901947,3.431577
sz002470,2012-12-24,14.200000,14.270000,14.120000,14.170000,-0.002113,933362.000000,13257836.200000,3542500000.000000,9919000000.000000,0.003733,14.395719,2012-09-30,2012-10-16,18.495953,1.037992,19.935551,2.851635,3.372083
sz002470,2012-12-21,14.380000,14.380000,14.120000,14.200000,-0.007687,1717269.000000,24403714.750000,3550000000.000000,9940000000.000000,0.006869,14.426202,2012-09-30,2012-10-16,18.535118,1.040190,19.977764,2.857674,3.379223
sz002470,2012-12-20,13.880000,14.330000,13.820000,14.310000,0.029496,2978079.000000,41964590.770000,3577500000.000000,10017000000.000000,0.011912,14.537955,2012-09-30,2012-10-16,18.678701,1.048248,20.132523,2.879811,3.405401
sz002470,2012-12-19,13.620000,13.980000,13.560000,13.900000,0.019809,2369528.000000,32754640.760000,3475000000.000000,9730000000.000000,0.009478,14.121430,2012-09-30,2012-10-16,18.143539,1.018215,19.555707,2.797302,3.307833
sz002470,2012-12-18,13.790000,14.030000,13.560000,13.630000,-0.011603,2487656.000000,34403363.370000,3407500000.000000,9541000000.000000,0.009951,13.847132,2012-09-30,2012-10-16,17.791115,0.998437,19.175853,2.742966,3.243581
sz002470,2012-12-17,13.750000,13.950000,13.670000,13.790000,-0.005051,2364048.000000,32617987.640000,3447500000.000000,9653000000.000000,0.009456,14.009686,2012-09-30,2012-10-16,17.999969,1.010158,19.400962,2.775166,3.281658
sz002470,2012-12-14,13.300000,13.950000,13.230000,13.860000,0.039760,3116940.000000,42767062.110000,3465000000.000000,9702000000.000000,0.012468,14.080808,2012-09-30,2012-10-16,18.091348,1.015286,19.499454,2.789255,3.298317
sz002470,2012-12-13,13.400000,13.560000,13.280000,13.330000,-0.003737,1587011.000000,21366030.110000,3332500000.000000,9331000000.000000,0.006348,13.542364,2012-09-30,2012-10-16,17.399542,0.976462,18.753803,2.682595,3.172191
sz002470,2012-12-12,13.550000,13.630000,13.300000,13.380000,-0.006682,2528696.000000,33922866.000000,3345000000.000000,9366000000.000000,0.010115,13.593162,2012-09-30,2012-10-16,17.464808,0.980125,18.824149,2.692657,3.184090
sz002470,2012-12-11,13.710000,13.720000,13.450000,13.470000,-0.017505,2964395.000000,40243052.560000,3367500000.000000,9429000000.000000,0.011858,13.684602,2012-09-30,2012-10-16,17.582293,0.986718,18.950778,2.710771,3.205509
sz002470,2012-12-10,13.150000,13.760000,13.060000,13.710000,0.054615,4996361.000000,66663453.660000,3427500000.000000,9597000000.000000,0.019985,13.928419,2012-09-30,2012-10-16,17.895555,1.004298,19.288422,2.759068,3.262622
sz002470,2012-12-07,12.850000,13.010000,12.800000,13.000000,0.015625,2693144.000000,34781375.930000,3250000000.000000,9100000000.000000,0.010773,13.207113,2012-09-30,2012-10-16,16.968804,0.952289,18.289538,2.616185,3.093661
sz002470,2012-12-06,12.780000,12.900000,12.680000,12.800000,-0.001560,1884842.000000,24107574.430000,3200000000.000000,8960000000.000000,0.007539,13.003926,2012-09-30,2012-10-16,16.707745,0.937638,18.008161,2.575936,3.046066
sz002470,2012-12-05,12.400000,13.000000,12.390000,12.820000,0.033871,1382642.000000,17714045.520000,3205000000.000000,8974000000.000000,0.005531,13.024244,2012-09-30,2012-10-16,16.733850,0.939103,18.036298,2.579961,3.050826
sz002470,2012-12-04,12.170000,12.430000,12.120000,12.400000,0.012245,314524.000000,3850179.000000,3100000000.000000,8680000000.000000,0.001258,12.597552,2012-09-30,2012-10-16,16.185627,0.908337,17.445404,2.495438,2.950877
sz002470,2012-12-03,12.480000,12.530000,12.200000,12.250000,-0.018429,537538.000000,6659857.800000,3062500000.000000,8575000000.000000,0.002150,12.445161,2012-09-30,2012-10-16,15.989831,0.897349,17.234369,2.465251,2.915180
sz002470,2012-11-30,12.130000,12.520000,12.130000,12.480000,0.019608,557573.000000,6942388.030000,3120000000.000000,8736000000.000000,0.002230,12.678819,2012-09-30,2012-10-16,16.290040,0.914197,17.557945,2.511536,2.969913
sz002470,2012-11-29,12.690000,12.720000,12.150000,12.240000,-0.033175,747921.000000,9281156.660000,3060000000.000000,8568000000.000000,0.002992,12.434994,2012-09-30,2012-10-16,15.976768,0.896616,17.220289,2.463237,2.912799
sz002470,2012-11-28,12.900000,12.950000,12.500000,12.660000,-0.026154,712411.000000,9007660.910000,3165000000.000000,8862000000.000000,0.002850,12.861680,2012-09-30,2012-10-16,16.524984,0.927382,17.811175,2.547759,3.012746
sz002470,2012-11-27,13.450000,13.450000,12.950000,13.000000,-0.035608,778181.000000,10157621.100000,3250000000.000000,9100000000.000000,0.003113,13.207099,2012-09-30,2012-10-16,16.968786,0.952288,18.289519,2.616183,3.093658
sz002470,2012-11-26,13.500000,13.530000,13.340000,13.480000,-0.001481,431343.000000,5787919.190000,3370000000.000000,9436000000.000000,0.001725,13.694741,2012-09-30,2012-10-16,17.595320,0.987449,18.964818,2.712779,3.207884
sz002470,2012-11-23,13.330000,13.560000,13.330000,13.500000,0.002972,653303.000000,8809924.670000,3375000000.000000,9450000000.000000,0.002613,13.715053,2012-09-30,2012-10-16,17.621417,0.988914,18.992947,2.716803,3.212642
sz002470,2012-11-22,13.770000,13.770000,13.410000,13.460000,-0.017518,629028.000000,8514857.720000,3365000000.000000,9422000000.000000,0.002516,13.674413,2012-09-30,2012-10-16,17.569201,0.985983,18.936667,2.708752,3.203123
sz002470,2012-11-21,13.570000,13.720000,13.380000,13.700000,0.009580,830342.000000,11258590.740000,3425000000.000000,9590000000.000000,0.003321,13.918232,2012-09-30,2012-10-16,17.882467,1.003564,19.274315,2.757050,3.260235
sz002470,2012-11-20,13.830000,13.830000,13.490000,13.570000,-0.013091,882098.000000,11978086.640000,3392500000.000000,9499000000.000000,0.003528,13.786161,2012-09-30,2012-10-16,17.712778,0.994041,19.091419,2.730888,3.229299
sz002470,2012-11-19,14.380000,14.380000,13.470000,13.750000,-0.010791,1362695.000000,18683345.750000,3437500000.000000,9625000000.000000,0.005451,13.969029,2012-09-30,2012-10-16,17.947732,1.007226,19.344660,2.767113,3.272134
sz002470,2012-11-16,13.940000,14.060000,13.810000,13.900000,-0.004298,771904.000000,10748924.470000,3475000000.000000,9730000000.000000,0.003088,14.121414,2012-09-30,2012-10-16,18.143519,1.018214,19.555685,2.797298,3.307829
sz002470,2012-11-15,14.220000,14.220000,13.960000,13.960000,-0.019663,445720.000000,6289342.270000,3490000000.000000,9772000000.000000,0.001783,14.182369,2012-09-30,2012-10-16,18.221836,1.022609,19.640098,2.809373,3.322107
sz002470,2012-11-14,14.260000,14.260000,14.030000,14.240000,0.002111,683568.000000,9683814.810000,3560000000.000000,9968000000.000000,0.002734,14.466831,2012-09-30,2012-10-16,18.587318,1.043120,20.034027,2.865722,3.388740
sz002470,2012-11-13,14.380000,14.400000,14.060000,14.210000,-0.020000,717416.000000,10206847.750000,3552500000.000000,9947000000.000000,0.002870,14.436356,2012-09-30,2012-10-16,18.548163,1.040922,19.991825,2.859685,3.381602
sz002470,2012-11-12,14.750000,14.750000,14.300000,14.500000,-0.006849,744750.000000,10751283.840000,3625000000.000000,10150000000.000000,0.002979,14.730975,2012-09-30,2012-10-16,18.926697,1.062166,20.399821,2.918046,3.450614
sz002470,2012-11-09,14.800000,14.800000,14.400000,14.600000,-0.010840,1452496.000000,21226269.250000,3650000000.000000,10220000000.000000,0.005810,14.832563,2012-09-30,2012-10-16,19.057220,1.069491,20.540503,2.938169,3.474410
sz002470,2012-11-08,14.820000,14.950000,14.670000,14.760000,-0.012709,1121311.000000,16593006.200000,3690000000.000000,10332000000.000000,0.004485,14.995110,2012-09-30,2012-10-16,19.266064,1.081211,20.765602,2.970368,3.512485
sz002470,2012-11-07,14.800000,14.980000,14.610000,14.950000,0.010818,836258.000000,12404957.600000,3737500000.000000,10465000000.000000,0.003345,15.188136,2012-09-30,2012-10-16,19.514069,1.095129,21.032909,3.008605,3.557700
sz002470,2012-11-06,14.780000,14.840000,14.450000,14.790000,0.000677,825599.000000,12078858.010000,3697500000.000000,10353000000.000000,0.003302,15.025589,2012-09-30,2012-10-16,19.305225,1.083409,20.807810,2.976406,3.519625
sz002470,2012-11-05,14.760000,14.950000,14.680000,14.780000,-0.000676,811878.000000,12025041.790000,3695000000.000000,10346000000.000000,0.003248,15.015424,2012-09-30,2012-10-16,19.292164,1.082676,20.793733,2.974392,3.517244
sz002470,2012-11-02,14.710000,14.790000,14.600000,14.790000,0.005438,727494.000000,10705168.490000,3697500000.000000,10353000000.000000,0.002910,15.025581,2012-09-30,2012-10-16,19.305214,1.083408,20.807799,2.976404,3.519623
sz002470,2012-11-01,14.540000,14.810000,14.520000,14.710000,0.003411,1033127.000000,15229786.070000,3677500000.000000,10297000000.000000,0.004133,14.944314,2012-09-30,2012-10-16,19.200800,1.077548,20.695258,2.960306,3.500587
sz002470,2012-10-31,14.450000,14.680000,14.320000,14.660000,0.013831,717197.000000,10463443.320000,3665000000.000000,10262000000.000000,0.002869,14.893512,2012-09-30,2012-10-16,19.135529,1.073885,20.624907,2.950243,3.488687
sz002470,2012-10-30,14.350000,14.610000,14.350000,14.460000,0.011896,625634.000000,9067417.360000,3615000000.000000,10122000000.000000,0.002503,14.690330,2012-09-30,2012-10-16,18.874476,1.059235,20.343535,2.909995,3.441093
sz002470,2012-10-29,14.230000,14.450000,14.220000,14.290000,0.000000,565920.000000,8100050.160000,3572500000.000000,10003000000.000000,0.002264,14.517629,2012-09-30,2012-10-16,18.652585,1.046783,20.104374,2.875784,3.400639
sz002470,2012-10-26,14.420000,14.510000,14.160000,14.290000,-0.013122,727806.000000,10439717.710000,3572500000.000000,10003000000.000000,0.002911,14.517629,2012-09-30,2012-10-16,18.652585,1.046783,20.104374,2.875784,3.400639
sz002470,2012-10-25,14.540000,14.660000,14.480000,14.480000,-0.006177,548054.000000,7987693.940000,3620000000.000000,10136000000.000000,0.002192,14.710662,2012-09-30,2012-10-16,18.900599,1.060701,20.371691,2.914022,3.445856
sz002470,2012-10-24,14.400000,14.600000,14.400000,14.570000,0.000000,881514.000000,12769791.130000,3642500000.000000,10199000000.000000,0.003526,14.802095,2012-09-30,2012-10-16,19.018073,1.067294,20.498309,2.932134,3.467273
sz002470,2012-10-23,14.720000,14.760000,14.550000,14.570000,-0.012873,754277.000000,11048267.970000,3642500000.000000,10199000000.000000,0.003017,14.802095,2012-09-30,2012-10-16,19.018073,1.067294,20.498309,2.932134,3.467273
sz002470,2012-10-22,14.830000,14.840000,14.560000,14.760000,-0.009396,1239497.000000,18194025.090000,3690000000.000000,10332000000.000000,0.004958,14.995127,2012-09-30,2012-10-16,19.266086,1.081212,20.765625,2.970371,3.512489
sz002470,2012-10-19,14.900000,14.970000,14.830000,14.900000,-0.002009,850753.000000,12673269.550000,3725000000.000000,10430000000.000000,0.003403,15.137357,2012-09-30,2012-10-16,19.448827,1.091468,20.962589,2.998546,3.545806
sz002470,2012-10-18,14.800000,14.990000,14.740000,14.930000,0.002686,1647526.000000,24503143.230000,3732500000.000000,10451000000.000000,0.006590,15.167830,2012-09-30,2012-10-16,19.487978,1.093665,21.004788,3.004582,3.552944
sz002470,2012-10-17,14.720000,15.000000,14.640000,14.890000,0.006081,1323196.000000,19537032.880000,3722500000.000000,10423000000.000000,0.005293,15.127198,2012-09-30,2012-10-16,19.435774,1.090735,20.948520,2.996533,3.543426
sz002470,2012-10-16,15.500000,15.500000,14.780000,14.800000,-0.038337,3735076.000000,56061704.960000,3700000000.000000,10360000000.000000,0.014940,15.035765,2012-09-30,2012-10-16,19.318299,1.084142,20.821902,2.978422,3.522009
sz002470,2012-10-15,15.290000,15.500000,15.160000,15.390000,0.007859,780996.000000,11958225.620000,3847500000.000000,10773000000.000000,0.003124,15.635171,2012-06-30,2012-08-14,20.940196,1.184259,26.750827,3.280886,3.662415
sz002470,2012-10-12,15.130000,15.340000,15.080000,15.270000,0.007256,777684.000000,11851286.370000,3817500000.000000,10689000000.000000,0.003111,15.513252,2012-06-30,2012-08-14,20.776911,1.175025,26.542232,3.255303,3.633856
sz002470,2012-10-11,15.180000,15.270000,15.130000,15.160000,-0.009150,595278.000000,9044092.950000,3790000000.000000,10612000000.000000,0.002381,15.401499,2012-06-30,2012-08-14,20.627239,1.166560,26.351029,3.231853,3.607679
sz002470,2012-10-10,15.230000,15.380000,15.100000,15.300000,-0.001957,1063957.000000,16201871.380000,3825000000.000000,10710000000.000000,0.004256,15.543724,2012-06-30,2012-08-14,20.817722,1.177333,26.594367,3.261697,3.640994
sz002470,2012-10-09,14.920000,15.340000,14.920000,15.330000,0.031629,1090418.000000,16589967.290000,3832500000.000000,10731000000.000000,0.004362,15.574203,2012-06-30,2012-08-14,20.858542,1.179641,26.646514,3.268093,3.648133
sz002470,2012-10-08,14.940000,15.080000,14.790000,14.860000,-0.004689,325330.000000,4859871.100000,3715000000.000000,10402000000.000000,0.001301,15.096709,2012-06-30,2012-08-14,20.219034,1.143474,25.829551,3.167896,3.536284
sz002470,2012-09-28,14.620000,14.950000,14.600000,14.930000,0.012890,431184.000000,6411519.770000,3732500000.000000,10451000000.000000,0.001725,15.167831,2012-06-30,2012-08-14,20.314288,1.148861,25.951237,3.182820,3.552944
sz002470,2012-09-27,14.310000,14.980000,14.290000,14.740000,0.029330,1178332.000000,17205680.320000,3685000000.000000,10318000000.000000,0.004713,14.974806,2012-06-30,2012-08-14,20.055769,1.134241,25.620982,3.142315,3.507729
sz002470,2012-09-26,14.500000,14.730000,14.110000,14.320000,-0.017833,714035.000000,10239938.770000,3580000000.000000,10024000000.000000,0.002856,14.548110,2012-06-30,2012-08-14,19.484294,1.101922,24.890931,3.052777,3.407779
sz002470,2012-09-25,14.600000,14.780000,14.460000,14.580000,-0.002053,737264.000000,10774154.350000,3645000000.000000,10206000000.000000,0.002949,14.812257,2012-06-30,2012-08-14,19.838067,1.121929,25.342871,3.108206,3.469653
sz002470,2012-09-24,14.660000,14.680000,14.350000,14.610000,-0.010833,705484.000000,10261134.690000,3652500000.000000,10227000000.000000,0.002822,14.842729,2012-06-30,2012-08-14,19.878878,1.124237,25.395007,3.114600,3.476791
sz002470,2012-09-21,14.980000,15.130000,14.760000,14.770000,-0.015333,1225734.000000,18319353.480000,3692500000.000000,10339000000.000000,0.004903,15.005281,2012-06-30,2012-08-14,20.096584,1.136549,25.673124,3.148710,3.514868
sz002470,2012-09-20,15.090000,15.320000,14.930000,15.000000,-0.003322,1922950.000000,29181714.150000,3750000000.000000,10500000000.000000,0.007692,15.238940,2012-06-30,2012-08-14,20.409524,1.154247,26.072899,3.197741,3.569601
sz002470,2012-09-19,15.140000,15.190000,15.000000,15.050000,0.004003,467982.000000,7053058.120000,3762500000.000000,10535000000.000000,0.001872,15.289732,2012-06-30,2012-08-14,20.477550,1.158095,26.159802,3.208400,3.581498
sz002470,2012-09-18,15.000000,15.140000,14.880000,14.990000,-0.001332,479954.000000,7204750.390000,3747500000.000000,10493000000.000000,0.001920,15.228771,2012-06-30,2012-08-14,20.395905,1.153477,26.055502,3.195608,3.567219
sz002470,2012-09-17,15.530000,15.550000,14.970000,15.010000,-0.027220,1268677.000000,19174019.160000,3752500000.000000,10507000000.000000,0.005075,15.249083,2012-06-30,2012-08-14,20.423109,1.155016,26.090254,3.199870,3.571977
sz002470,2012-09-14,15.720000,15.780000,15.250000,15.430000,-0.011531,1207594.000000,18688953.560000,3857500000.000000,10801000000.000000,0.004830,15.675778,2012-06-30,2012-08-14,20.994581,1.187335,26.820303,3.289407,3.671926
sz002470,2012-09-13,15.990000,15.990000,15.590000,15.610000,-0.023765,1213005.000000,19129463.520000,3902500000.000000,10927000000.000000,0.004852,15.858644,2012-06-30,2012-08-14,21.239494,1.201186,27.133176,3.327780,3.714761
sz002470,2012-09-12,15.820000,15.990000,15.680000,15.990000,0.013308,1906993.000000,30245752.100000,3997500000.000000,11193000000.000000,0.007628,16.244699,2012-06-30,2012-08-14,21.756538,1.230427,27.793693,3.408790,3.805192
sz002470,2012-09-11,15.850000,15.860000,15.650000,15.780000,-0.008171,2155284.000000,33887171.420000,3945000000.000000,11046000000.000000,0.008621,16.031354,2012-06-30,2012-08-14,21.470805,1.214268,27.428672,3.364022,3.755217
sz002470,2012-09-10,15.600000,16.000000,15.510000,15.910000,0.023151,1997462.000000,31579787.320000,3977500000.000000,11137000000.000000,0.007990,16.163425,2012-06-30,2012-08-14,21.647688,1.224271,27.654638,3.391735,3.786154
sz002470,2012-09-07,15.350000,16.000000,15.340000,15.550000,0.021682,3909662.000000,61317086.120000,3887500000.000000,10885000000.000000,0.015639,15.797693,2012-06-30,2012-08-14,21.157862,1.196569,27.028892,3.314990,3.700484
sz002470,2012-09-06,15.100000,15.240000,15.040000,15.220000,0.007947,1507604.000000,22825749.350000,3805000000.000000,10654000000.000000,0.006030,15.462436,2012-06-30,2012-08-14,20.708853,1.171176,26.455289,3.244640,3.621953
sz002470,2012-09-05,15.000000,15.130000,14.830000,15.100000,0.004657,1637445.000000,24553050.500000,3775000000.000000,10570000000.000000,0.006550,15.340525,2012-06-30,2012-08-14,20.545577,1.161942,26.246706,3.219058,3.593396
sz002470,2012-09-04,15.370000,15.390000,14.890000,15.030000,-0.014426,1898302.000000,28615778.050000,3757500000.000000,10521000000.000000,0.007593,15.269415,2012-06-30,2012-08-14,20.450340,1.156556,26.125042,3.204136,3.576739
sz002470,2012-09-03,15.110000,15.480000,15.110000,15.250000,-0.000655,1531880.000000,23453478.260000,3812500000.000000,10675000000.000000,0.006128,15.492916,2012-06-30,2012-08-14,20.749675,1.173484,26.507438,3.251036,3.629093
sz002470,2012-08-31,15.400000,15.410000,15.160000,15.260000,-0.008447,1774897.000000,27057789.580000,3815000000.000000,10682000000.000000,0.007100,15.503071,2012-06-30,2012-08-14,20.763275,1.174254,26.524812,3.253167,3.631471
sz002470,2012-08-30,15.500000,15.630000,14.950000,15.390000,-0.004528,1221646.000000,18755365.610000,3847500000.000000,10773000000.000000,0.004887,15.635141,2012-06-30,2012-08-14,20.940156,1.184257,26.750775,3.280880,3.662408
sz002470,2012-08-29,15.400000,15.770000,15.210000,15.460000,-0.001937,1252440.000000,19516065.700000,3865000000.000000,10822000000.000000,0.005010,15.706259,2012-06-30,2012-08-14,21.035404,1.189644,26.872454,3.295804,3.679066
sz002470,2012-08-28,15.350000,15.660000,15.070000,15.490000,0.006498,1624424.000000,24956548.360000,3872500000.000000,10843000000.000000,0.006498,15.736741,2012-06-30,2012-08-14,21.076229,1.191953,26.924607,3.302200,3.686207
sz002470,2012-08-27,15.350000,15.600000,15.210000,15.390000,0.001953,1635952.000000,25194505.310000,3847500000.000000,10773000000.000000,0.006544,15.635144,2012-06-30,2012-08-14,20.940160,1.184257,26.750780,3.280881,3.662408
sz002470,2012-08-24,15.940000,15.950000,15.300000,15.360000,-0.042991,2460407.000000,38471418.430000,3840000000.000000,10752000000.000000,0.009842,15.604668,2012-06-30,2012-08-14,20.899343,1.181949,26.698638,3.274486,3.655269
sz002470,2012-08-23,15.780000,16.110000,15.750000,16.050000,0.012618,3059615.000000,48595294.610000,4012500000.000000,11235000000.000000,0.012238,16.305665,2012-06-30,2012-08-14,21.838189,1.235045,27.898001,3.421583,3.819472
sz002470,2012-08-22,15.930000,16.120000,15.730000,15.850000,-0.011229,2171439.000000,34428499.950000,3962500000.000000,11095000000.000000,0.008686,16.102483,2012-06-30,2012-08-14,21.566068,1.219655,27.550370,3.378947,3.771879
sz002470,2012-08-21,16.060000,16.210000,15.850000,16.030000,-0.002489,2814146.000000,44951760.510000,4007500000.000000,11221000000.000000,0.011257,16.285352,2012-06-30,2012-08-14,21.810984,1.233506,27.863247,3.417320,3.814714
sz002470,2012-08-20,15.900000,16.160000,15.730000,16.070000,0.000623,2031305.000000,32313066.250000,4017500000.000000,11249000000.000000,0.008125,16.325987,2012-06-30,2012-08-14,21.865407,1.236584,27.932771,3.425847,3.824233
sz002470,2012-08-17,15.700000,16.290000,15.630000,16.060000,0.022930,6103336.000000,97956425.800000,4015000000.000000,11242000000.000000,0.024413,16.315822,2012-06-30,2012-08-14,21.851793,1.235814,27.915380,3.423714,3.821852
sz002470,2012-08-16,15.300000,15.730000,15.300000,15.700000,0.021470,2577892.000000,40266719.440000,3925000000.000000,10990000000.000000,0.010312,15.950087,2012-06-30,2012-08-14,21.361963,1.208112,27.289629,3.346968,3.736181
sz002470,2012-08-15,15.480000,15.690000,15.360000,15.370000,-0.020395,2311235.000000,35832394.130000,3842500000.000000,10759000000.000000,0.009245,15.614836,2012-06-30,2012-08-14,20.912962,1.182719,26.716036,3.276619,3.657651
sz002470,2012-08-14,14.970000,15.800000,14.850000,15.690000,0.048096,5280869.000000,80974291.110000,3922500000.000000,10983000000.000000,0.021123,15.939931,2012-06-30,2012-08-14,21.348362,1.207343,27.272253,3.344837,3.733802
sz002470,2012-08-13,15.050000,15.390000,14.900000,14.970000,-0.008609,2173673.000000,32979313.330000,3742500000.000000,10479000000.000000,0.008695,15.208465,2012-03-31,2012-04-18,21.735323,1.286911,19.566217,3.360669,3.562462
sz002470,2012-08-10,15.120000,15.260000,15.040000,15.100000,-0.001323,1112727.000000,16854443.080000,3775000000.000000,10570000000.000000,0.004451,15.340531,2012-03-31,2012-04-18,21.924067,1.298087,19.736125,3.389852,3.593398
sz002470,2012-08-09,14.980000,15.190000,14.820000,15.120000,0.009346,1430978.000000,21519742.910000,3780000000.000000,10584000000.000000,0.005724,15.360854,2012-03-31,2012-04-18,21.953111,1.299806,19.762271,3.394343,3.598158
sz002470,2012-08-08,15.030000,15.220000,14.900000,14.980000,-0.005972,1876142.000000,28219293.170000,3745000000.000000,10486000000.000000,0.007505,15.218621,2012-03-31,2012-04-18,21.749837,1.287771,19.579283,3.362913,3.564841
sz002470,2012-08-07,15.200000,15.260000,14.960000,15.070000,-0.007900,1872387.000000,28196287.330000,3767500000.000000,10549000000.000000,0.007490,15.310052,2012-03-31,2012-04-18,21.880507,1.295508,19.696913,3.383117,3.586258
sz002470,2012-08-06,14.420000,15.200000,14.320000,15.190000,0.051211,4058793.000000,60784055.390000,3797500000.000000,10633000000.000000,0.016235,15.431965,2012-03-31,2012-04-18,22.054740,1.305824,19.853757,3.410057,3.614815
sz002470,2012-08-03,14.370000,14.450000,14.050000,14.450000,0.020480,994483.000000,14191868.240000,3612500000.000000,10115000000.000000,0.003978,14.680178,2012-03-31,2012-04-18,20.980317,1.242209,18.886558,3.243932,3.438715
sz002470,2012-08-02,14.520000,14.520000,14.150000,14.160000,-0.024793,834648.000000,11949028.830000,3540000000.000000,9912000000.000000,0.003339,14.385562,2012-03-31,2012-04-18,20.559263,1.217279,18.507524,3.178829,3.369704
sz002470,2012-08-01,14.220000,14.600000,14.220000,14.520000,0.015385,1636137.000000,23690109.810000,3630000000.000000,10164000000.000000,0.006545,14.751291,2012-03-31,2012-04-18,21.081948,1.248226,18.978047,3.259646,3.455373
sz002470,2012-07-31,14.730000,14.880000,14.220000,14.300000,-0.032476,2061296.000000,29923499.580000,3575000000.000000,10010000000.000000,0.008245,14.527781,2012-03-31,2012-04-18,20.762516,1.229313,18.690493,3.210256,3.403017
sz002470,2012-07-30,14.610000,14.940000,14.550000,14.780000,0.012329,2287371.000000,33823973.790000,3695000000.000000,10346000000.000000,0.009149,15.015422,2012-03-31,2012-04-18,21.459433,1.270577,19.317860,3.318012,3.517243
sz002470,2012-07-27,14.670000,14.690000,14.450000,14.600000,0.000000,1066225.000000,15496538.180000,3650000000.000000,10220000000.000000,0.004265,14.832551,2012-03-31,2012-04-18,21.198082,1.255102,19.082591,3.277602,3.474407
sz002470,2012-07-26,14.510000,14.630000,14.500000,14.600000,0.005510,1161571.000000,16921800.810000,3650000000.000000,10220000000.000000,0.004646,14.832551,2012-03-31,2012-04-18,21.198082,1.255102,19.082591,3.277602,3.474407
sz002470,2012-07-25,14.500000,14.620000,14.380000,14.520000,-0.007519,1248802.000000,18080725.440000,3630000000.000000,10164000000.000000,0.004995,14.751272,2012-03-31,2012-04-18,21.081920,1.248225,18.978022,3.259642,3.455368
sz002470,2012-07-24,14.550000,15.000000,14.550000,14.630000,0.024510,3052980.000000,45055299.530000,3657500000.000000,10241000000.000000,0.012212,14.863027,2012-03-31,2012-04-18,21.241636,1.257681,19.121799,3.284336,3.481546
sz002470,2012-07-23,14.450000,14.450000,14.190000,14.280000,-0.019904,1173151.000000,16761074.470000,3570000000.000000,9996000000.000000,0.004693,14.507449,2012-03-31,2012-04-18,20.733459,1.227593,18.664336,3.205763,3.398255
sz002470,2012-07-20,14.610000,14.680000,14.410000,14.570000,-0.012203,1746538.000000,25308869.140000,3642500000.000000,10199000000.000000,0.006986,14.802069,2012-03-31,2012-04-18,21.154519,1.252523,19.043375,3.270867,3.467267
sz002470,2012-07-19,14.530000,14.790000,14.530000,14.750000,0.006139,2711136.000000,39883725.850000,3687500000.000000,10325000000.000000,0.010845,14.984931,2012-03-31,2012-04-18,21.415856,1.267996,19.278632,3.311274,3.510101
sz002470,2012-07-18,14.300000,14.660000,14.200000,14.660000,0.025175,3361634.000000,48625737.670000,3665000000.000000,10262000000.000000,0.013447,14.893499,2012-03-31,2012-04-18,21.285187,1.260260,19.161003,3.291070,3.488684
sz002470,2012-07-17,13.730000,14.300000,13.600000,14.300000,0.040000,1558872.000000,21896551.820000,3575000000.000000,10010000000.000000,0.006235,14.527763,2012-03-31,2012-04-18,20.762491,1.229312,18.690470,3.210252,3.403013
sz002470,2012-07-16,14.180000,14.330000,13.720000,13.750000,-0.030324,2225979.000000,31345741.400000,3437500000.000000,9625000000.000000,0.008904,13.969003,2012-03-31,2012-04-18,19.963934,1.182031,17.971606,3.086781,3.272128
sz002470,2012-07-13,14.030000,14.350000,14.000000,14.180000,0.003539,1478613.000000,20980372.150000,3545000000.000000,9926000000.000000,0.005914,14.405846,2012-03-31,2012-04-18,20.588252,1.218995,18.533620,3.183312,3.374455
sz002470,2012-07-12,13.780000,14.300000,13.690000,14.130000,0.025399,2250822.000000,31630008.100000,3532500000.000000,9891000000.000000,0.009003,14.355043,2012-03-31,2012-04-18,20.515647,1.214697,18.468260,3.172086,3.362555
sz002470,2012-07-11,13.500000,13.780000,13.500000,13.780000,0.023014,1566115.000000,21406528.330000,3445000000.000000,9646000000.000000,0.006264,13.999471,2012-03-31,2012-04-18,20.007477,1.184609,18.010804,3.093513,3.279265
sz002470,2012-07-10,13.430000,13.760000,13.410000,13.470000,-0.004435,1077330.000000,14600971.520000,3367500000.000000,9429000000.000000,0.004309,13.684535,2012-03-31,2012-04-18,19.557383,1.157959,17.605628,3.023921,3.205494
sz002470,2012-07-09,13.740000,13.820000,13.510000,13.530000,-0.020984,1093358.000000,14982384.830000,3382500000.000000,9471000000.000000,0.004373,13.745496,2012-03-31,2012-04-18,19.644507,1.163118,17.684057,3.037392,3.219773
sz002470,2012-07-06,13.400000,13.890000,13.280000,13.820000,0.035982,1614103.000000,21831229.230000,3455000000.000000,9674000000.000000,0.006456,14.040114,2012-03-31,2012-04-18,20.065562,1.188048,18.063093,3.102494,3.288785
sz002470,2012-07-05,13.490000,13.590000,13.180000,13.340000,-0.016224,1043381.000000,13935282.360000,3335000000.000000,9338000000.000000,0.004174,13.552469,2012-03-31,2012-04-18,19.368640,1.146784,17.435721,2.994738,3.174558
sz002470,2012-07-04,13.650000,13.700000,13.500000,13.560000,-0.000737,705848.000000,9600012.930000,3390000000.000000,9492000000.000000,0.002823,13.775970,2012-03-31,2012-04-18,19.688059,1.165697,17.723263,3.044126,3.226912
sz002470,2012-07-03,13.500000,13.820000,13.430000,13.570000,0.005185,1665694.000000,22759228.610000,3392500000.000000,9499000000.000000,0.006663,13.786131,2012-03-31,2012-04-18,19.702580,1.166556,17.736335,3.046371,3.229292
sz002470,2012-07-02,13.330000,13.650000,13.250000,13.500000,0.019637,1457020.000000,19563426.340000,3375000000.000000,9450000000.000000,0.005828,13.715018,2012-03-31,2012-04-18,19.600949,1.160539,17.644846,3.030657,3.212634
sz002470,2012-06-29,13.060000,13.380000,13.030000,13.240000,0.011459,1413582.000000,18631618.950000,3309999340.000000,9268000000.000000,0.005654,13.450883,2012-03-31,2012-04-18,19.223458,1.138188,17.305027,2.972290,3.150763
sz002470,2012-06-28,13.340000,13.410000,13.020000,13.090000,-0.018741,933065.000000,12353300.770000,3272499350.000000,9163000000.000000,0.003732,13.298496,2012-03-31,2012-04-18,19.005672,1.125294,17.108976,2.938616,3.115067
sz002470,2012-06-27,13.440000,13.450000,13.250000,13.340000,-0.000749,1217156.000000,16249975.170000,3334999330.000000,9338000000.000000,0.004869,13.552483,2012-03-31,2012-04-18,19.368660,1.146785,17.435739,2.994741,3.174561
sz002470,2012-06-26,13.510000,13.620000,13.250000,13.350000,-0.016937,1068854.000000,14280416.580000,3337499330.000000,9345000000.000000,0.004275,13.562641,2012-03-31,2012-04-18,19.383178,1.147645,17.448808,2.996986,3.176941
sz002470,2012-06-25,14.000000,14.100000,13.580000,13.580000,-0.033452,1112541.000000,15382604.650000,3394999320.000000,9506000000.000000,0.004450,13.796309,2012-03-31,2012-04-18,19.717127,1.167418,17.749430,3.048620,3.231676
sz002470,2012-06-21,14.290000,14.390000,13.980000,14.050000,-0.019539,947116.000000,13368975.450000,3512499300.000000,9835000000.000000,0.003788,14.273796,2012-03-31,2012-04-18,20.399532,1.207822,18.363734,3.154132,3.343523
sz002470,2012-06-20,14.260000,14.420000,14.240000,14.330000,0.004909,638841.000000,9160274.590000,3582499280.000000,10031000000.000000,0.002555,14.558250,2012-03-31,2012-04-18,20.806062,1.231892,18.729693,3.216989,3.410154
sz002470,2012-06-19,14.400000,14.400000,14.180000,14.260000,-0.010409,849969.000000,12140111.340000,3564999290.000000,9982000000.000000,0.003400,14.487133,2012-03-31,2012-04-18,20.704424,1.225874,18.638198,3.201274,3.393496
sz002470,2012-06-18,14.400000,14.470000,14.310000,14.410000,0.003482,1157950.000000,16679067.650000,3602499280.000000,10087000000.000000,0.004632,14.639515,2012-03-31,2012-04-18,20.922203,1.238768,18.834244,3.234946,3.429190
sz002470,2012-06-15,14.180000,14.360000,14.070000,14.360000,0.009845,1174907.000000,16673432.040000,3589999280.000000,10052000000.000000,0.004700,14.588717,2012-03-31,2012-04-18,20.849605,1.234470,18.768891,3.223721,3.417291
sz002470,2012-06-13,13.960000,14.220000,13.960000,14.220000,0.018625,929987.000000,13152579.830000,3554999290.000000,9954000000.000000,0.003720,14.446492,2012-03-31,2012-04-18,20.646341,1.222435,18.585912,3.192293,3.383976
sz002470,2012-06-12,14.050000,14.070000,13.850000,13.960000,-0.012031,545704.000000,7612835.600000,3489999300.000000,9772000000.000000,0.002183,14.182346,2012-03-31,2012-04-18,20.268834,1.200083,18.246079,3.133924,3.322102
sz002470,2012-06-11,13.900000,14.220000,13.860000,14.130000,0.016547,664064.000000,9327505.600000,3532499290.000000,9891000000.000000,0.002656,14.355051,2012-03-31,2012-04-18,20.515658,1.214697,18.468271,3.172087,3.362557
sz002470,2012-06-08,14.000000,14.100000,13.780000,13.900000,0.000000,847637.000000,11784830.310000,3474999310.000000,9730000000.000000,0.003391,14.121385,2012-03-31,2012-04-18,20.181712,1.194925,18.167651,3.120453,3.307822
sz002470,2012-06-07,14.250000,14.400000,13.890000,13.900000,-0.016973,1206544.000000,16985919.950000,3474999310.000000,9730000000.000000,0.004826,14.121385,2012-03-31,2012-04-18,20.181712,1.194925,18.167651,3.120453,3.307822
sz002470,2012-06-06,14.300000,14.310000,14.060000,14.140000,0.000708,511423.000000,7252553.670000,3534999290.000000,9898000000.000000,0.002046,14.365205,2012-03-31,2012-04-18,20.530170,1.215556,18.481334,3.174331,3.364935
sz002470,2012-06-05,14.310000,14.410000,14.110000,14.130000,-0.011197,1131000.000000,16100409.270000,3532499290.000000,9891000000.000000,0.004524,14.355042,2012-03-31,2012-04-18,20.515645,1.214696,18.468259,3.172085,3.362555
sz002470,2012-06-04,14.600000,14.760000,14.260000,14.290000,-0.042867,1536214.000000,22282754.740000,3572499290.000000,10003000000.000000,0.006145,14.517595,2012-03-31,2012-04-18,20.747960,1.228451,18.677390,3.208005,3.400631
sz002470,2012-06-01,14.850000,15.120000,14.780000,14.930000,0.004035,1787782.000000,26786516.800000,3732499250.000000,10451000000.000000,0.007151,15.167793,2012-03-31,2012-04-18,21.677196,1.283470,19.513892,3.351682,3.552935
sz002470,2012-05-31,14.730000,14.930000,14.690000,14.870000,0.004051,1165529.000000,17303890.220000,3717499260.000000,10409000000.000000,0.004662,15.106837,2012-03-31,2012-04-18,21.590080,1.278312,19.435469,3.338212,3.538657
sz002470,2012-05-30,14.920000,14.950000,14.700000,14.810000,-0.005981,1411569.000000,20903555.910000,3702499260.000000,10367000000.000000,0.005646,15.045886,2012-03-31,2012-04-18,21.502972,1.273154,19.357054,3.324744,3.524379
sz002470,2012-05-29,14.850000,15.110000,14.750000,15.050000,0.013468,1634026.000000,24463440.130000,3762499250.000000,10535000000.000000,0.006536,15.136417,2012-03-31,2012-04-18,21.632355,1.280815,19.473525,3.344749,3.545585
sz002470,2012-05-28,14.710000,14.850000,14.280000,14.850000,0.008832,1428613.000000,20756895.880000,3712499260.000000,10395000000.000000,0.005714,14.935269,2012-03-31,2012-04-18,21.344882,1.263794,19.214741,3.300300,3.498468
sz002470,2012-05-25,14.820000,14.940000,14.710000,14.720000,-0.005405,910204.000000,13494733.240000,3679999260.000000,10304000000.000000,0.003641,14.804515,2012-03-31,2012-04-18,21.158014,1.252730,19.046522,3.271407,3.467840
sz002470,2012-05-24,14.880000,14.990000,14.710000,14.800000,-0.015303,1052268.000000,15635694.410000,3699999260.000000,10360000000.000000,0.004209,14.884969,2012-03-31,2012-04-18,21.272995,1.259538,19.150028,3.289185,3.486686
sz002470,2012-05-23,14.900000,15.100000,14.690000,15.030000,0.002668,1847578.000000,27507688.260000,3757499250.000000,10521000000.000000,0.007390,15.116293,2012-03-31,2012-04-18,21.603595,1.279112,19.447635,3.340302,3.540872
sz002470,2012-05-22,14.660000,15.100000,14.660000,14.990000,0.025308,1791128.000000,26694005.620000,3747499250.000000,10493000000.000000,0.007165,15.076070,2012-03-31,2012-04-18,21.546110,1.275709,19.395887,3.331413,3.531450
sz002470,2012-05-21,14.570000,14.750000,14.360000,14.620000,0.000000,960125.000000,13994114.590000,3654999270.000000,10234000000.000000,0.003841,14.703943,2012-03-31,2012-04-18,21.014280,1.244220,18.917132,3.249183,3.444282
sz002470,2012-05-18,14.710000,14.800000,14.390000,14.620000,-0.020107,2074189.000000,30194174.360000,3654999270.000000,10234000000.000000,0.008297,14.703943,2012-03-31,2012-04-18,21.014280,1.244220,18.917132,3.249183,3.444282
sz002470,2012-05-17,14.730000,14.950000,14.730000,14.920000,0.009472,2080047.000000,30910082.480000,3729999250.000000,10444000000.000000,0.008320,15.005662,2012-03-31,2012-04-18,21.445485,1.269751,19.305304,3.315855,3.514957
sz002470,2012-05-16,14.900000,15.070000,14.770000,14.780000,-0.008054,2056535.000000,30671036.730000,3694999260.000000,10346000000.000000,0.008226,14.864862,2012-03-31,2012-04-18,21.244259,1.257836,19.124160,3.284742,3.481976
sz002470,2012-05-15,15.340000,15.340000,14.830000,14.900000,-0.038710,2988687.000000,44808906.660000,3724999260.000000,10430000000.000000,0.011955,14.985556,2012-03-31,2012-04-18,21.416750,1.268049,19.279436,3.311412,3.510247
sz002470,2012-05-14,15.870000,15.910000,15.350000,15.500000,-0.018987,3465945.000000,53787710.310000,3874999230.000000,10850000000.000000,0.013864,15.589006,2012-03-31,2012-04-18,22.279177,1.319112,20.055796,3.444759,3.651601
sz002470,2012-05-11,15.200000,15.860000,15.200000,15.800000,0.038790,3524467.000000,55214259.250000,3949999210.000000,11060000000.000000,0.014098,15.890723,2012-03-31,2012-04-18,22.710379,1.344643,20.443966,3.511430,3.722276
sz002470,2012-05-10,15.340000,15.450000,15.090000,15.210000,-0.012338,1758044.000000,26806239.360000,3802499240.000000,10647000000.000000,0.007032,15.297339,2012-03-31,2012-04-18,21.862338,1.294432,19.680557,3.380308,3.583280
sz002470,2012-05-09,15.350000,15.680000,15.300000,15.400000,-0.011553,4120567.000000,63631504.200000,3849999230.000000,10780000000.000000,0.016482,15.488436,2012-03-31,2012-04-18,22.135446,1.310602,19.926409,3.422535,3.628043
sz002470,2012-05-08,15.910000,15.940000,15.500000,15.580000,-0.026250,4514518.000000,70613587.610000,3894999220.000000,10906000000.000000,0.018058,15.669465,2012-03-31,2012-04-18,22.394165,1.325920,20.159310,3.462538,3.670448
sz002470,2012-05-07,15.780000,16.030000,15.500000,16.000000,0.009464,6415580.000000,100662102.680000,3999999200.000000,11200000000.000000,0.025662,16.091877,2012-03-31,2012-04-18,22.997859,1.361664,20.702757,3.555880,3.769394
sz002470,2012-05-04,15.620000,15.970000,15.500000,15.850000,0.013427,6714917.000000,105944699.670000,3962499210.000000,11095000000.000000,0.026860,15.941011,2012-03-31,2012-04-18,22.782248,1.348898,20.508663,3.522543,3.734055
sz002470,2012-05-03,15.180000,15.710000,15.120000,15.640000,0.028947,4527409.000000,70390704.160000,3909999220.000000,10948000000.000000,0.018110,15.729807,2012-03-31,2012-04-18,22.480404,1.331026,20.236942,3.475872,3.684582
sz002470,2012-05-02,15.300000,15.400000,14.950000,15.200000,0.005291,4188169.000000,63428385.920000,3799999240.000000,10640000000.000000,0.016753,15.287286,2012-03-31,2012-04-18,21.847970,1.293581,19.667623,3.378087,3.580925
sz002470,2012-04-27,15.150000,15.300000,15.000000,15.120000,-0.000661,1627087.000000,24574585.730000,3779999240.000000,10584000000.000000,0.006508,15.206826,2012-03-31,2012-04-18,21.732981,1.286773,19.564109,3.360307,3.562078
sz002470,2012-04-26,14.580000,15.270000,14.580000,15.130000,0.036301,2842493.000000,42532680.460000,3782499240.000000,10591000000.000000,0.011370,15.216885,2012-03-31,2012-04-18,21.747356,1.287624,19.577050,3.362530,3.564434
sz002470,2012-04-25,14.450000,14.690000,14.330000,14.600000,0.009682,1749307.000000,25471915.720000,3649999270.000000,10220000000.000000,0.006997,14.683847,2012-03-31,2012-04-18,20.985559,1.242519,18.891277,3.244742,3.439574
sz002470,2012-04-24,14.540000,14.730000,14.200000,14.460000,-0.008230,1876590.000000,27244171.010000,3614999280.000000,10122000000.000000,0.007506,14.543041,2012-03-31,2012-04-18,20.784326,1.230605,18.710126,3.213628,3.406592
sz002470,2012-04-23,14.900000,14.960000,14.570000,14.580000,-0.024096,1155886.000000,16988608.530000,3644999270.000000,10206000000.000000,0.004624,14.663723,2012-03-31,2012-04-18,20.956800,1.240816,18.865388,3.240296,3.434861
sz002470,2012-04-20,14.880000,15.070000,14.820000,14.940000,0.004032,1476102.000000,22045263.910000,3734999250.000000,10458000000.000000,0.005904,15.025785,2012-03-31,2012-04-18,21.474243,1.271453,19.331193,3.320302,3.519671
sz002470,2012-04-19,14.960000,15.010000,14.810000,14.880000,-0.008000,1058196.000000,15748179.050000,3719999260.000000,10416000000.000000,0.004233,14.965444,2012-03-31,2012-04-18,21.388007,1.266348,19.253562,3.306968,3.505536
sz002470,2012-04-18,14.770000,15.030000,14.500000,15.000000,0.020408,2964739.000000,44006704.140000,3749999250.000000,10500000000.000000,0.011859,15.086133,2012-03-31,2012-04-18,21.560491,1.276560,19.408833,3.333637,3.533807
sz002470,2012-04-17,14.660000,14.930000,14.510000,14.700000,0.004785,1860162.000000,27452021.000000,3674999270.000000,10290000000.000000,0.007441,14.784413,2011-12-31,2012-03-06,23.576048,1.349192,-38.044650,3.334655,3.463131
sz002470,2012-04-16,14.510000,14.970000,14.500000,14.630000,-0.003406,1541657.000000,22760546.800000,3657499270.000000,10241000000.000000,0.006167,14.714006,2011-12-31,2012-03-06,23.463774,1.342767,-37.863473,3.318775,3.446639
sz002470,2012-04-13,14.250000,14.780000,14.200000,14.680000,0.033803,1930063.000000,28047140.090000,3669999270.000000,10276000000.000000,0.007720,14.764293,2011-12-31,2012-03-06,23.543965,1.347356,-37.992877,3.330117,3.458418
sz002470,2012-04-12,13.980000,14.230000,13.900000,14.200000,0.017192,1149608.000000,16182935.720000,3549999290.000000,9940000000.000000,0.004598,14.281535,2011-12-31,2012-03-06,22.774131,1.303300,-36.750596,3.221230,3.345336
sz002470,2012-04-11,13.680000,14.080000,13.560000,13.960000,0.020468,1222922.000000,17003260.130000,3489999300.000000,9772000000.000000,0.004892,14.040156,2011-12-31,2012-03-06,22.389215,1.281273,-36.129459,3.166786,3.288795
sz002470,2012-04-10,13.560000,13.690000,13.170000,13.680000,0.007364,812693.000000,10928537.720000,3419999320.000000,9576000000.000000,0.003251,13.758546,2011-12-31,2012-03-06,21.940145,1.255574,-35.404793,3.103269,3.222830
sz002470,2012-04-09,14.140000,14.140000,13.400000,13.580000,-0.030000,923219.000000,12772113.840000,3394999320.000000,9506000000.000000,0.003693,13.657969,2011-12-31,2012-03-06,21.779758,1.246395,-35.145978,3.080583,3.199271
sz002470,2012-04-06,13.930000,14.120000,13.830000,14.000000,0.005025,822193.000000,11490789.590000,3499999300.000000,9800000000.000000,0.003289,14.080380,2011-12-31,2012-03-06,22.453359,1.284943,-36.232967,3.175859,3.298217
sz002470,2012-04-05,13.520000,14.000000,13.360000,13.930000,0.027286,1169373.000000,16071170.190000,3482499300.000000,9751000000.000000,0.004677,14.009980,2011-12-31,2012-03-06,22.341095,1.278519,-36.051807,3.159980,3.281727
sz002470,2012-03-29,13.640000,13.920000,13.350000,13.560000,-0.005865,1316606.000000,18011575.760000,3389999320.000000,9492000000.000000,0.005266,13.637858,2011-12-31,2012-03-06,21.747688,1.244560,-35.094226,3.076047,3.194560
sz002470,2012-03-28,14.410000,14.550000,13.620000,13.640000,-0.059959,1938124.000000,27042436.300000,3409999320.000000,9548000000.000000,0.007752,13.718316,2011-12-31,2012-03-06,21.875990,1.251902,-35.301268,3.094195,3.213406
sz002470,2012-03-27,14.800000,15.000000,14.490000,14.510000,-0.018932,1197951.000000,17633804.390000,3627499270.000000,10157000000.000000,0.004792,14.593316,2011-12-31,2012-03-06,23.271315,1.331753,-37.552902,3.291553,3.418368
sz002470,2012-03-26,14.620000,14.870000,14.500000,14.790000,0.021409,2569504.000000,37885204.690000,3697499260.000000,10353000000.000000,0.010278,14.874928,2011-12-31,2012-03-06,23.720390,1.357452,-38.277573,3.355071,3.484334
sz002470,2012-03-23,14.940000,15.000000,14.400000,14.480000,-0.030790,1851111.000000,27279623.880000,3619999280.000000,10136000000.000000,0.007404,14.563146,2011-12-31,2012-03-06,23.223204,1.328999,-37.475266,3.284748,3.411301
sz002470,2012-03-22,15.280000,15.280000,14.860000,14.940000,-0.012558,1468964.000000,22097308.830000,3734999250.000000,10458000000.000000,0.005876,15.025790,2011-12-31,2012-03-06,23.960962,1.371219,-38.665785,3.389098,3.519672
sz002470,2012-03-21,14.960000,15.250000,14.680000,15.130000,0.021607,2362239.000000,35452460.040000,3782499240.000000,10591000000.000000,0.009449,15.216884,2011-12-31,2012-03-06,24.265691,1.388658,-39.157525,3.432200,3.564434
sz002470,2012-03-20,15.420000,15.450000,14.800000,14.810000,-0.038936,2563770.000000,38552436.930000,3702499260.000000,10367000000.000000,0.010255,14.895046,2011-12-31,2012-03-06,23.752471,1.359288,-38.329343,3.359609,3.489046
sz002470,2012-03-19,15.190000,15.560000,15.090000,15.410000,0.015152,3303552.000000,50800621.410000,3852499230.000000,10787000000.000000,0.013214,15.498496,2011-12-31,2012-03-06,24.714765,1.414357,-39.882196,3.495718,3.630400
sz002470,2012-03-16,14.670000,15.390000,14.670000,15.180000,0.045455,4170165.000000,63082995.920000,3794999240.000000,10626000000.000000,0.016681,15.267168,2011-12-31,2012-03-06,24.345876,1.393247,-39.286921,3.443541,3.576213
sz002470,2012-03-15,14.380000,14.790000,14.210000,14.520000,0.006237,2661381.000000,38665777.450000,3629999270.000000,10164000000.000000,0.010646,14.603372,2011-12-31,2012-03-06,23.287350,1.332670,-37.578778,3.293821,3.420724
sz002470,2012-03-14,15.390000,15.460000,14.400000,14.430000,-0.060547,5277330.000000,79634215.630000,3607499280.000000,10101000000.000000,0.021109,14.512855,2011-12-31,2012-03-06,23.143007,1.324410,-37.345851,3.273405,3.399521
sz002470,2012-03-13,15.020000,15.430000,14.800000,15.360000,0.020598,5010674.000000,75827334.720000,3839999230.000000,10752000000.000000,0.020043,15.448197,2011-12-31,2012-03-06,24.634555,1.409767,-39.752762,3.484373,3.618617
sz002470,2012-03-12,14.900000,15.160000,14.700000,15.050000,0.013468,3834850.000000,57295339.870000,3762499250.000000,10535000000.000000,0.015339,15.136417,2011-12-31,2012-03-06,24.137374,1.381315,-38.950460,3.414050,3.545585
sz002470,2012-03-09,14.440000,14.850000,14.420000,14.850000,0.032684,3107005.000000,45432530.170000,3712499260.000000,10395000000.000000,0.012428,14.935269,2011-12-31,2012-03-06,23.816612,1.362959,-38.432847,3.368681,3.498468
sz002470,2012-03-08,14.310000,14.570000,14.310000,14.380000,0.009831,1449877.000000,20924683.560000,3594999280.000000,10066000000.000000,0.005800,14.462574,2011-12-31,2012-03-06,23.062826,1.319822,-37.216464,3.262064,3.387743
sz002470,2012-03-07,14.350000,14.420000,14.220000,14.240000,-0.011111,1707605.000000,24416537.170000,3559999290.000000,9968000000.000000,0.006830,14.321777,2011-12-31,2012-03-06,22.838303,1.306973,-36.854151,3.230306,3.354762
sz002470,2012-03-06,14.900000,15.020000,14.390000,14.400000,-0.032258,2558889.000000,37635823.160000,3599999280.000000,10080000000.000000,0.010236,14.482694,2011-12-31,2012-03-06,23.094910,1.321658,-37.268238,3.266602,3.392456
sz002470,2012-03-05,15.000000,15.080000,14.800000,14.880000,-0.006012,2015800.000000,30101060.650000,3719999260.000000,10416000000.000000,0.008063,14.965449,2011-09-30,2011-10-18,23.108751,1.390662,-16.724155,3.418347,3.505538
sz002470,2012-03-02,14.730000,14.970000,14.700000,14.970000,0.021146,1998203.000000,29647060.580000,3742499250.000000,10479000000.000000,0.007993,15.055966,2011-09-30,2011-10-18,23.248521,1.399073,-16.825309,3.439022,3.526740
sz002470,2012-03-01,14.650000,14.760000,14.600000,14.660000,-0.002721,993149.000000,14593400.480000,3664999270.000000,10262000000.000000,0.003973,14.744185,2011-09-30,2011-10-18,22.767088,1.370101,-16.476889,3.367806,3.453708
sz002470,2012-02-29,14.780000,14.860000,14.610000,14.700000,-0.004065,1022287.000000,15051799.460000,3674999270.000000,10290000000.000000,0.004089,14.784414,2011-09-30,2011-10-18,22.829206,1.373839,-16.521845,3.376995,3.463131
sz002470,2012-02-28,14.960000,14.990000,14.650000,14.760000,-0.016656,2227188.000000,32984625.050000,3689999260.000000,10332000000.000000,0.008909,14.844757,2011-09-30,2011-10-18,22.922386,1.379446,-16.589280,3.390779,3.477267
sz002470,2012-02-27,15.100000,15.170000,14.940000,15.010000,-0.000666,2618946.000000,39415187.480000,3752499250.000000,10507000000.000000,0.010476,15.096200,2011-09-30,2011-10-18,23.310648,1.402812,-16.870271,3.448212,3.536165
sz002470,2012-02-24,14.980000,15.080000,14.830000,15.020000,0.003340,2010426.000000,30079794.910000,3754999250.000000,10514000000.000000,0.008042,15.106261,2011-09-30,2011-10-18,23.326183,1.403747,-16.881515,3.450510,3.538522
sz002470,2012-02-23,14.940000,15.080000,14.720000,14.970000,0.006048,2362068.000000,35315625.650000,3742499250.000000,10479000000.000000,0.009448,15.055974,2011-09-30,2011-10-18,23.248533,1.399074,-16.825318,3.439024,3.526742
sz002470,2012-02-22,14.580000,14.970000,14.580000,14.880000,0.020576,2222862.000000,32964550.650000,3719999260.000000,10416000000.000000,0.008891,14.965462,2011-09-30,2011-10-18,23.108771,1.390663,-16.724170,3.418350,3.505541
sz002470,2012-02-21,14.450000,14.590000,14.260000,14.580000,0.004132,1278739.000000,18435272.610000,3644999270.000000,10206000000.000000,0.005115,14.663741,2011-09-30,2011-10-18,22.642872,1.362626,-16.386992,3.349432,3.434865
sz002470,2012-02-20,14.630000,14.770000,14.500000,14.520000,0.002070,1266795.000000,18522521.950000,3629999270.000000,10164000000.000000,0.005067,14.603400,2011-09-30,2011-10-18,22.549696,1.357018,-16.319559,3.335649,3.420730
sz002470,2012-02-17,14.500000,14.630000,14.390000,14.490000,0.000000,1282400.000000,18616649.140000,3622499280.000000,10143000000.000000,0.005130,14.573233,2011-09-30,2011-10-18,22.503115,1.354215,-16.285847,3.328758,3.413664
sz002470,2012-02-16,14.550000,14.710000,14.380000,14.490000,-0.008214,1679282.000000,24476040.040000,3622499280.000000,10143000000.000000,0.006717,14.573233,2011-09-30,2011-10-18,22.503115,1.354215,-16.285847,3.328758,3.413664
sz002470,2012-02-15,14.410000,14.630000,14.280000,14.610000,0.009675,2177342.000000,31521659.150000,3652499270.000000,10227000000.000000,0.008709,14.693929,2011-09-30,2011-10-18,22.689486,1.365431,-16.420727,3.356327,3.441936
sz002470,2012-02-14,14.400000,14.690000,14.370000,14.470000,0.002078,1995744.000000,29016675.300000,3617499280.000000,10129000000.000000,0.007983,14.553128,2011-09-30,2011-10-18,22.472069,1.352347,-16.263379,3.324166,3.408955
sz002470,2012-02-13,14.320000,14.540000,14.150000,14.440000,0.003475,1619899.000000,23281167.810000,3609999280.000000,10108000000.000000,0.006480,14.522949,2011-09-30,2011-10-18,22.425469,1.349542,-16.229654,3.317273,3.401885
sz002470,2012-02-10,14.300000,14.480000,14.230000,14.390000,0.000695,1233077.000000,17661395.900000,3597499280.000000,10073000000.000000,0.004932,14.472657,2011-09-30,2011-10-18,22.347810,1.344869,-16.173451,3.305785,3.390105
sz002470,2012-02-09,14.350000,14.530000,14.260000,14.380000,0.001393,2196796.000000,31631194.760000,3594999280.000000,10066000000.000000,0.008787,14.462605,2011-09-30,2011-10-18,22.332289,1.343935,-16.162218,3.303489,3.387750
sz002470,2012-02-08,14.010000,14.440000,14.000000,14.360000,0.019163,1940158.000000,27647543.110000,3589999280.000000,10052000000.000000,0.007761,14.442487,2011-09-30,2011-10-18,22.301224,1.342066,-16.139736,3.298894,3.383038
sz002470,2012-02-07,14.210000,14.280000,13.880000,14.090000,-0.017434,1817615.000000,25516556.570000,3522499300.000000,9863000000.000000,0.007270,14.170929,2011-09-30,2011-10-18,21.881901,1.316831,-15.836265,3.236866,3.319428
sz002470,2012-02-06,14.450000,14.500000,14.080000,14.340000,-0.003475,2493562.000000,35605349.220000,3584999280.000000,10038000000.000000,0.009974,14.422369,2011-09-30,2011-10-18,22.270159,1.340196,-16.117254,3.294298,3.378325
sz002470,2012-02-03,13.810000,14.470000,13.780000,14.390000,0.042754,3584319.000000,50993930.420000,3597499280.000000,10073000000.000000,0.014337,14.472661,2011-09-30,2011-10-18,22.347817,1.344869,-16.173456,3.305786,3.390106
sz002470,2012-02-02,13.790000,13.820000,13.610000,13.800000,0.018450,1215985.000000,16695555.660000,3449999310.000000,9660000000.000000,0.004864,13.879267,2011-09-30,2011-10-18,21.431534,1.289728,-15.510328,3.170245,3.251108
sz002470,2012-02-01,13.680000,13.850000,13.500000,13.550000,-0.013828,1065912.000000,14572625.500000,3387499320.000000,9485000000.000000,0.004264,13.627834,2011-09-30,2011-10-18,21.043285,1.266364,-15.229346,3.112814,3.192212
sz002470,2012-01-31,13.520000,13.740000,13.460000,13.740000,0.017778,994028.000000,13477258.620000,3434999310.000000,9618000000.000000,0.003976,13.818922,2011-09-30,2011-10-18,21.338352,1.284121,-15.442891,3.156461,3.236973
sz002470,2012-01-30,13.790000,13.850000,13.500000,13.500000,-0.015317,821119.000000,11194695.890000,3374999330.000000,9450000000.000000,0.003284,13.577540,2011-09-30,2011-10-18,20.965625,1.261690,-15.173142,3.101326,3.180431
sz002470,2012-01-20,13.630000,13.810000,13.600000,13.710000,0.005869,1268836.000000,17440964.630000,3427499310.000000,9597000000.000000,0.005075,13.788742,2011-09-30,2011-10-18,21.291751,1.281316,-15.409165,3.149568,3.229903
sz002470,2012-01-19,13.180000,13.670000,13.080000,13.630000,0.027129,1473216.000000,19933878.240000,3407499320.000000,9541000000.000000,0.005893,13.708288,2011-09-30,2011-10-18,21.167518,1.273840,-15.319256,3.131191,3.211058
sz002470,2012-01-18,13.470000,13.740000,13.200000,13.270000,-0.014116,1431700.000000,19268621.780000,3317499340.000000,9289000000.000000,0.005727,13.346219,2011-09-30,2011-10-18,20.608432,1.240195,-14.914637,3.048489,3.126246
sz002470,2012-01-17,12.550000,13.590000,12.500000,13.460000,0.072510,1358379.000000,17682732.450000,3364999330.000000,9422000000.000000,0.005434,13.537312,2011-09-30,2011-10-18,20.903506,1.257952,-15.128186,3.092137,3.171008
sz002470,2012-01-16,13.210000,13.220000,12.550000,12.550000,-0.050681,1066637.000000,13704268.090000,3137499370.000000,8785000000.000000,0.004267,12.622084,2011-09-30,2011-10-18,19.490267,1.172905,-14.105403,2.883085,2.956623
sz002470,2012-01-13,13.630000,13.770000,13.000000,13.220000,-0.029369,1233681.000000,16412077.020000,3304999340.000000,9254000000.000000,0.004935,13.295936,2011-09-30,2011-10-18,20.530788,1.235522,-14.858444,3.037003,3.114467
sz002470,2012-01-12,13.620000,13.830000,13.520000,13.620000,-0.001466,1323822.000000,18170875.240000,3404999320.000000,9534000000.000000,0.005295,13.698239,2011-09-30,2011-10-18,21.152001,1.272906,-15.308026,3.128896,3.208704
sz002470,2012-01-11,13.650000,13.840000,13.430000,13.640000,-0.000733,1750712.000000,23934595.470000,3409999320.000000,9548000000.000000,0.007003,13.718350,2011-09-30,2011-10-18,21.183055,1.274775,-15.330500,3.133489,3.213415
sz002470,2012-01-10,13.180000,13.730000,13.150000,13.650000,0.035660,2127650.000000,28695319.490000,3412499320.000000,9555000000.000000,0.008511,13.728413,2011-09-30,2011-10-18,21.198594,1.275710,-15.341746,3.135788,3.215772
sz002470,2012-01-09,12.620000,13.300000,12.520000,13.180000,0.044374,1525803.000000,19709898.390000,3294999340.000000,9226000000.000000,0.006103,13.255714,2011-09-30,2011-10-18,20.468681,1.231785,-14.813496,3.027816,3.105046
sz002470,2012-01-06,12.300000,12.640000,12.150000,12.620000,0.022690,1123992.000000,13976128.390000,3154999370.000000,8834000000.000000,0.004496,12.692498,2011-09-30,2011-10-18,19.598995,1.179448,-14.184091,2.899168,2.973117
sz002470,2012-01-05,12.950000,12.950000,12.210000,12.340000,-0.040435,966985.000000,12170654.060000,3084999380.000000,8638000000.000000,0.003868,12.410894,2011-09-30,2011-10-18,19.164160,1.153280,-13.869395,2.834846,2.907153
sz002470,2012-01-04,12.950000,13.200000,12.860000,12.860000,0.002338,1821511.000000,23731172.450000,3214999360.000000,9002000000.000000,0.007286,12.933876,2011-09-30,2011-10-18,19.971716,1.201878,-14.453836,2.954303,3.029658
sz002470,2011-12-30,12.600000,12.840000,12.600000,12.830000,0.019063,931116.000000,11892337.350000,3207499360.000000,8981000000.000000,0.003724,12.903707,2011-09-30,2011-10-18,19.925131,1.199075,-14.420122,2.947412,3.022591
sz002470,2011-12-29,12.400000,12.770000,12.390000,12.590000,-0.003956,1224140.000000,15471130.230000,3147499370.000000,8813000000.000000,0.004897,12.662325,2011-09-30,2011-10-18,19.552404,1.176644,-14.150373,2.892276,2.966049
sz002470,2011-12-28,12.780000,12.780000,12.060000,12.640000,-0.017871,2258825.000000,27985929.440000,3159999370.000000,8848000000.000000,0.009035,12.712616,2011-09-30,2011-10-18,19.630060,1.181318,-14.206574,2.903764,2.977829
sz002470,2011-12-27,13.680000,13.690000,12.870000,12.870000,-0.050885,1495873.000000,19641387.980000,3217499360.000000,9009000000.000000,0.005983,12.943937,2011-09-30,2011-10-18,19.987253,1.202813,-14.465080,2.956601,3.032014
sz002470,2011-12-26,13.550000,13.690000,13.450000,13.560000,-0.005865,857453.000000,11640382.350000,3389999320.000000,9492000000.000000,0.003430,13.637902,2011-09-30,2011-10-18,21.058831,1.267300,-15.240597,3.115114,3.194570
sz002470,2011-12-23,13.510000,13.690000,13.300000,13.640000,0.011869,922950.000000,12492006.160000,3409999320.000000,9548000000.000000,0.003692,13.718360,2011-09-30,2011-10-18,21.183070,1.274776,-15.330511,3.133492,3.213417
sz002470,2011-12-22,13.900000,13.900000,13.170000,13.480000,-0.034384,1434167.000000,19307872.730000,3369999330.000000,9436000000.000000,0.005737,13.557446,2011-09-30,2011-10-18,20.934597,1.259823,-15.150687,3.096736,3.175724
sz002470,2011-12-21,14.300000,14.500000,13.950000,13.960000,-0.018974,1535405.000000,22005503.160000,3489999300.000000,9772000000.000000,0.006142,14.040205,2011-09-30,2011-10-18,21.680044,1.304684,-15.690178,3.207006,3.288806
sz002470,2011-12-20,14.150000,14.480000,14.090000,14.230000,0.004234,1345921.000000,19208204.410000,3557499290.000000,9961000000.000000,0.005384,14.311756,2011-09-30,2011-10-18,22.099357,1.329917,-15.993642,3.269033,3.352415
sz002470,2011-12-19,14.330000,14.330000,13.950000,14.170000,-0.012544,1304272.000000,18390017.030000,3542499290.000000,9919000000.000000,0.005217,14.251416,2011-09-30,2011-10-18,22.006183,1.324310,-15.926210,3.255250,3.338281
sz002470,2011-12-16,14.070000,14.400000,14.020000,14.350000,0.026466,1195971.000000,16956170.640000,3587499280.000000,10045000000.000000,0.004784,14.432456,2011-09-30,2011-10-18,22.285735,1.341133,-16.128526,3.296603,3.380688
sz002470,2011-12-15,14.510000,14.650000,13.880000,13.980000,-0.045082,1782111.000000,25246839.320000,3494999300.000000,9786000000.000000,0.007128,14.060336,2011-09-30,2011-10-18,21.711128,1.306554,-15.712675,3.211604,3.293522
sz002470,2011-12-14,15.050000,15.190000,14.490000,14.640000,-0.024000,1043810.000000,15475039.040000,3659999270.000000,10248000000.000000,0.004175,14.724129,2011-09-30,2011-10-18,22.736118,1.368237,-16.454475,3.363225,3.449010
sz002470,2011-12-13,15.990000,15.990000,14.810000,15.000000,-0.063670,2421239.000000,36809790.700000,3749999250.000000,10500000000.000000,0.009685,15.086197,2011-09-30,2011-10-18,23.295203,1.401882,-16.859094,3.445927,3.533822
sz002470,2011-12-12,16.150000,16.250000,15.950000,16.020000,-0.004969,735630.000000,11832854.250000,4004999200.000000,11214000000.000000,0.002943,16.112052,2011-09-30,2011-10-18,24.879266,1.497210,-18.005504,3.680249,3.774120
sz002470,2011-12-09,15.980000,16.190000,15.910000,16.100000,0.003115,804291.000000,12908110.410000,4024999200.000000,11270000000.000000,0.003217,16.192512,2011-09-30,2011-10-18,25.003508,1.504686,-18.095420,3.698627,3.792967
sz002470,2011-12-08,16.200000,16.350000,15.920000,16.050000,-0.009259,1198074.000000,19293641.740000,4012499200.000000,11235000000.000000,0.004792,16.142229,2011-09-30,2011-10-18,24.925864,1.500014,-18.039228,3.687142,3.781189
sz002470,2011-12-07,16.150000,16.250000,16.030000,16.200000,0.003096,790001.000000,12766564.610000,4049999190.000000,11340000000.000000,0.003160,16.293087,2011-09-30,2011-10-18,25.158810,1.514032,-18.207814,3.721600,3.816526
sz002470,2011-12-06,15.850000,16.210000,15.850000,16.150000,0.013174,735449.000000,11826197.590000,4037499190.000000,11305000000.000000,0.002942,16.242799,2011-09-30,2011-10-18,25.081158,1.509359,-18.151617,3.710114,3.804747
sz002470,2011-12-05,16.400000,16.450000,15.910000,15.940000,-0.026862,1366440.000000,21983111.560000,3984999200.000000,11158000000.000000,0.005466,16.031599,2011-09-30,2011-10-18,24.755036,1.489733,-17.915597,3.661872,3.755275
sz002470,2011-12-02,16.540000,16.680000,16.310000,16.380000,-0.017986,1390375.000000,22839748.330000,4094999180.000000,11466000000.000000,0.005562,16.474127,2011-09-30,2011-10-18,25.438361,1.530855,-18.410130,3.762953,3.858933
sz002470,2011-12-01,16.840000,17.050000,16.560000,16.680000,0.013982,2748489.000000,46139221.440000,4169999170.000000,11676000000.000000,0.010994,16.775858,2011-09-30,2011-10-18,25.904275,1.558894,-18.747319,3.831873,3.929611
sz002470,2011-11-30,17.170000,17.220000,16.200000,16.450000,-0.041934,3446873.000000,57344974.320000,4112499180.000000,11515000000.000000,0.013787,16.544532,2011-09-30,2011-10-18,25.547076,1.537398,-18.488808,3.779034,3.875425
sz002470,2011-11-29,17.270000,17.350000,17.060000,17.170000,0.007038,4482603.000000,77057191.190000,4292499140.000000,12019000000.000000,0.017930,17.268677,2011-09-30,2011-10-18,26.665257,1.604689,-19.298053,3.944440,4.045050
sz002470,2011-11-28,16.990000,17.340000,16.950000,17.050000,0.005900,4075188.000000,69780356.470000,4262499150.000000,11935000000.000000,0.016301,17.147989,2011-09-30,2011-10-18,26.478898,1.593474,-19.163183,3.916873,4.016780
sz002470,2011-11-25,17.180000,17.200000,16.790000,16.950000,-0.003527,3255536.000000,55311895.510000,4237499150.000000,11865000000.000000,0.013022,17.047409,2011-09-30,2011-10-18,26.323589,1.584127,-19.050783,3.893899,3.993220
sz002470,2011-11-24,16.350000,17.050000,16.250000,17.010000,0.029038,4173474.000000,70010344.600000,4252499150.000000,11907000000.000000,0.016694,17.107748,2011-09-30,2011-10-18,26.416761,1.589734,-19.118213,3.907682,4.007354
sz002470,2011-11-23,16.630000,16.710000,16.420000,16.530000,-0.010180,1118006.000000,18526991.070000,4132499170.000000,11571000000.000000,0.004472,16.624992,2011-09-30,2011-10-18,25.671317,1.544874,-18.578724,3.797412,3.894272
sz002470,2011-11-22,16.300000,16.750000,16.170000,16.700000,0.010896,1713195.000000,28226096.610000,4174999170.000000,11690000000.000000,0.006853,16.795975,2011-09-30,2011-10-18,25.935339,1.560763,-18.769800,3.836468,3.934324
sz002470,2011-11-21,16.400000,16.540000,16.320000,16.520000,0.009780,1084522.000000,17805745.510000,4129999170.000000,11564000000.000000,0.004338,16.614939,2011-09-30,2011-10-18,25.655794,1.543940,-18.567489,3.795116,3.891917
sz002470,2011-11-18,16.600000,16.680000,16.250000,16.360000,-0.025030,1871383.000000,30796012.240000,4089999180.000000,11452000000.000000,0.007486,16.454018,2011-09-30,2011-10-18,25.407310,1.528987,-18.387658,3.758359,3.854223
sz002470,2011-11-17,16.770000,16.960000,16.600000,16.780000,0.001791,2297516.000000,38564503.300000,4194999160.000000,11746000000.000000,0.009190,16.876435,2011-09-30,2011-10-18,26.059581,1.568240,-18.859716,3.854846,3.953171
sz002470,2011-11-16,17.390000,17.390000,16.690000,16.750000,-0.031232,2914813.000000,49728919.280000,4187499160.000000,11725000000.000000,0.011659,16.846264,2011-09-30,2011-10-18,26.012992,1.565436,-18.825999,3.847955,3.946103
sz002470,2011-11-15,17.240000,17.460000,17.150000,17.290000,0.002900,2159063.000000,37285520.190000,4322499140.000000,12103000000.000000,0.008636,17.389369,2011-09-30,2011-10-18,26.851622,1.615904,-19.432928,3.972008,4.073321
sz002470,2011-11-14,17.000000,17.340000,16.910000,17.240000,0.026190,2682196.000000,46061867.810000,4309999140.000000,12068000000.000000,0.010729,17.339085,2011-09-30,2011-10-18,26.773977,1.611231,-19.376736,3.960523,4.061543
sz002470,2011-11-11,16.890000,16.990000,16.720000,16.800000,-0.002967,1820479.000000,30705173.450000,4199999160.000000,11760000000.000000,0.007282,16.896564,2011-09-30,2011-10-18,26.090663,1.570110,-18.882211,3.859444,3.957886
sz002470,2011-11-10,17.050000,17.150000,16.770000,16.850000,-0.024884,3337902.000000,56533098.810000,4212499160.000000,11795000000.000000,0.013352,16.946845,2011-09-30,2011-10-18,26.168304,1.574783,-18.938401,3.870929,3.969664
sz002470,2011-11-09,17.360000,17.440000,16.910000,17.280000,-0.000578,3800121.000000,65153065.160000,4319999140.000000,12096000000.000000,0.015200,17.379312,2011-09-30,2011-10-18,26.836094,1.614969,-19.421690,3.969711,4.070966
sz002470,2011-11-08,17.380000,17.800000,17.280000,17.290000,-0.005178,3654510.000000,64218461.000000,4322499140.000000,12103000000.000000,0.014618,17.389363,2011-09-30,2011-10-18,26.851614,1.615903,-19.432923,3.972007,4.073320
sz002470,2011-11-07,17.300000,17.600000,17.200000,17.380000,-0.004582,3407252.000000,59428970.740000,4344999130.000000,12166000000.000000,0.013629,17.479874,2011-09-30,2011-10-18,26.991375,1.624314,-19.534070,3.992681,4.094522
sz002470,2011-11-04,17.020000,17.630000,16.950000,17.460000,0.029481,9302314.000000,160609694.940000,4364999130.000000,12222000000.000000,0.037209,17.560336,2011-09-30,2011-10-18,27.115619,1.631791,-19.623987,4.011060,4.113369
sz002470,2011-11-02,16.500000,17.060000,16.400000,16.960000,0.007724,4516136.000000,75405824.380000,4239999150.000000,11872000000.000000,0.018065,17.057464,2011-09-30,2011-10-18,26.339116,1.585062,-19.062020,3.896196,3.995576
sz002470,2011-11-01,16.700000,17.060000,16.680000,16.830000,-0.007665,3234810.000000,54505690.510000,4207499160.000000,11781000000.000000,0.012939,16.926722,2011-09-30,2011-10-18,26.137232,1.572913,-18.915913,3.866333,3.964950
sz002470,2011-10-31,17.150000,17.150000,16.810000,16.960000,-0.011655,3215175.000000,54544817.970000,4239999150.000000,11872000000.000000,0.012861,17.057468,2011-09-30,2011-10-18,26.339121,1.585062,-19.062024,3.896197,3.995576
sz002470,2011-10-28,16.950000,17.160000,16.770000,17.160000,0.022646,4478334.000000,75933881.130000,4289999140.000000,12012000000.000000,0.017913,17.258617,2011-09-30,2011-10-18,26.649723,1.603754,-19.286811,3.942143,4.042694
sz002470,2011-10-27,16.820000,17.080000,16.700000,16.780000,-0.001190,2907002.000000,48985275.380000,4194999160.000000,11746000000.000000,0.011628,16.876433,2011-09-30,2011-10-18,26.059578,1.568240,-18.859714,3.854846,3.953170
sz002470,2011-10-26,16.640000,17.060000,16.570000,16.800000,-0.001783,3769717.000000,63376122.710000,4199999160.000000,11760000000.000000,0.015079,16.896540,2011-09-30,2011-10-18,26.090626,1.570108,-18.882184,3.859438,3.957880
sz002470,2011-10-25,16.560000,16.950000,16.250000,16.830000,0.013855,3526934.000000,58806342.650000,4207499160.000000,11781000000.000000,0.014108,16.926721,2011-09-30,2011-10-18,26.137229,1.572912,-18.915911,3.866332,3.964950
sz002470,2011-10-24,16.400000,16.690000,15.870000,16.600000,0.018405,2565325.000000,42021121.490000,4149999170.000000,11620000000.000000,0.010261,16.695406,2011-09-30,2011-10-18,25.780046,1.551418,-18.657413,3.813496,3.910766
sz002470,2011-10-21,16.140000,16.380000,15.810000,16.300000,0.000000,2087000.000000,33673194.000000,4074999190.000000,11410000000.000000,0.008348,16.393680,2011-09-30,2011-10-18,25.314140,1.523380,-18.320229,3.744577,3.840089
sz002470,2011-10-20,16.780000,16.910000,16.300000,16.300000,-0.015700,2369856.000000,39101911.220000,4074999190.000000,11410000000.000000,0.009479,16.393680,2011-09-30,2011-10-18,25.314140,1.523380,-18.320229,3.744577,3.840089
sz002470,2011-10-19,16.510000,16.850000,16.410000,16.560000,0.007912,2017958.000000,33608169.330000,4139999170.000000,11592000000.000000,0.008072,16.655166,2011-09-30,2011-10-18,25.717911,1.547678,-18.612444,3.804305,3.901340
sz002470,2011-10-18,17.160000,17.320000,16.400000,16.430000,-0.050838,3985060.000000,66957665.790000,4107499180.000000,11501000000.000000,0.015940,16.524425,2011-09-30,2011-10-18,25.516028,1.535529,-18.466339,3.774441,3.870715
sz002470,2011-10-17,17.110000,17.500000,17.010000,17.310000,0.011689,3379378.000000,58459391.690000,4327499130.000000,12117000000.000000,0.013518,17.409489,2011-06-30,2011-08-17,32.628165,,-19.675043,4.215933,4.078034
sz002470,2011-10-14,17.130000,17.490000,16.900000,17.110000,0.002931,3794139.000000,65247700.230000,4277499140.000000,11977000000.000000,0.015177,17.208340,2011-06-30,2011-08-17,32.251181,,-19.447719,4.167222,4.030917
sz002470,2011-10-13,17.000000,17.260000,16.840000,17.060000,0.003529,2955768.000000,50408118.020000,4264999150.000000,11942000000.000000,0.011823,17.158050,2011-06-30,2011-08-17,32.156929,,-19.390884,4.155043,4.019137
sz002470,2011-10-12,16.300000,17.160000,15.880000,17.000000,0.032807,4550729.000000,76224309.370000,4249999150.000000,11900000000.000000,0.018203,17.097712,2011-06-30,2011-08-17,32.043846,,-19.322695,4.140432,4.005003
sz002470,2011-10-11,16.720000,17.000000,16.210000,16.460000,0.008578,3648341.000000,60783076.420000,4114999180.000000,11522000000.000000,0.014593,16.554605,2011-06-30,2011-08-17,31.025977,,-18.708911,4.008911,3.877785
sz002470,2011-10-10,16.460000,16.600000,16.150000,16.320000,-0.003054,2149377.000000,35171418.220000,4079999180.000000,11424000000.000000,0.008598,16.413808,2011-06-30,2011-08-17,30.762099,,-18.549791,3.974816,3.844804
sz002470,2011-09-30,16.270000,16.540000,16.040000,16.370000,0.016139,2996612.000000,48835599.160000,4092499180.000000,11459000000.000000,0.011986,16.464089,2011-06-30,2011-08-17,30.856335,,-18.606616,3.986992,3.856582
sz002470,2011-09-29,16.500000,16.500000,15.990000,16.110000,-0.023636,3363034.000000,54529347.080000,4027499190.000000,11277000000.000000,0.013452,16.202595,2011-06-30,2011-08-17,30.366254,,-18.311093,3.923668,3.795329
sz002470,2011-09-28,17.680000,17.710000,16.430000,16.500000,-0.058219,7872232.000000,133664587.930000,4124999180.000000,11550000000.000000,0.031489,16.594831,2011-06-30,2011-08-17,31.101366,,-18.754371,4.018653,3.887207
sz002470,2011-09-27,17.580000,17.760000,17.320000,17.520000,0.009798,4688493.000000,82396811.280000,4379999120.000000,12264000000.000000,0.018754,17.620690,2011-06-30,2011-08-17,33.023989,,-19.913729,4.267078,4.127507
sz002470,2011-09-26,17.460000,17.800000,17.290000,17.350000,-0.015882,4056256.000000,71216949.420000,4337499130.000000,12145000000.000000,0.016225,17.449717,2011-06-30,2011-08-17,32.703560,,-19.720507,4.225674,4.087458
sz002470,2011-09-23,17.500000,18.010000,17.300000,17.630000,-0.025967,7288299.000000,128304696.510000,4407499120.000000,12341000000.000000,0.029153,17.731326,2011-06-30,2011-08-17,33.231340,,-20.038763,4.293870,4.153422
sz002470,2011-09-22,17.990000,19.450000,17.810000,18.100000,0.000000,16020938.000000,298627585.790000,4524999100.000000,12670000000.000000,0.064084,18.204030,2011-06-30,2011-08-17,34.117263,,-20.572981,4.408341,4.264149
sz002470,2011-09-21,17.900000,18.250000,17.310000,18.100000,-0.003304,9731586.000000,173673619.420000,4524999100.000000,12670000000.000000,0.038926,18.204030,2011-06-30,2011-08-17,34.117263,,-20.572981,4.408341,4.264149
sz002470,2011-09-20,17.760000,18.300000,17.070000,18.160000,0.020225,10798602.000000,190314495.110000,4539999090.000000,12712000000.000000,0.043194,18.264376,2011-06-30,2011-08-17,34.230360,,-20.641180,4.422954,4.278285
sz002470,2011-09-19,18.710000,18.740000,17.770000,17.800000,-0.060190,7341210.000000,133229431.700000,4449999110.000000,12460000000.000000,0.029365,17.902302,2011-06-30,2011-08-17,33.551775,,-20.231988,4.335274,4.193472
sz002470,2011-09-16,18.850000,19.380000,18.700000,18.940000,0.007447,6401576.000000,122084044.810000,4734999050.000000,13258000000.000000,0.025606,19.048852,2011-06-30,2011-08-17,35.700594,,-21.527743,4.612926,4.462042
sz002470,2011-09-15,19.420000,19.590000,18.730000,18.800000,-0.032424,9289816.000000,177395275.190000,4699999060.000000,13160000000.000000,0.037159,18.908044,2011-06-30,2011-08-17,35.436697,,-21.368611,4.578827,4.429059
sz002470,2011-09-14,19.250000,19.490000,18.860000,19.430000,0.009351,9292617.000000,178390655.890000,4857499030.000000,13601000000.000000,0.037170,19.541663,2011-06-30,2011-08-17,36.624200,,-22.084685,4.732266,4.577479
sz002470,2011-09-13,18.510000,19.880000,18.500000,19.250000,0.017442,11309813.000000,218210155.850000,4812499040.000000,13475000000.000000,0.045239,19.360622,2011-06-30,2011-08-17,36.284900,,-21.880084,4.688425,4.535072
sz002470,2011-09-09,18.810000,19.300000,18.800000,18.920000,-0.012010,7829601.000000,149366807.530000,4729999050.000000,13244000000.000000,0.031318,19.028723,2011-06-30,2011-08-17,35.662868,,-21.504994,4.608051,4.457327
sz002470,2011-09-08,19.490000,19.950000,18.930000,19.150000,-0.016940,19063763.000000,370239748.850000,4787499040.000000,13405000000.000000,0.076255,19.260036,2011-06-30,2011-08-17,36.096386,,-21.766408,4.664066,4.511510
sz002470,2011-09-07,17.700000,19.480000,17.690000,19.480000,0.099944,22430113.000000,428609855.870000,1947999030.000000,13636000000.000000,0.224301,19.591923,2011-06-30,2011-08-17,36.718395,,-22.141485,4.744437,4.589252
sz002470,2011-09-06,18.200000,18.200000,17.010000,17.710000,-0.038023,4706410.000000,83141181.850000,1770999110.000000,12397000000.000000,0.047064,17.811746,2011-06-30,2011-08-17,33.382059,,-20.129648,4.313344,4.172260
sz002470,2011-09-05,18.010000,19.170000,18.010000,18.410000,0.016004,10662846.000000,197323270.280000,1840999080.000000,12887000000.000000,0.106629,18.515771,2011-06-30,2011-08-17,34.701515,,-20.925290,4.483833,4.337172
sz002470,2011-09-02,17.800000,18.160000,17.610000,18.120000,0.023729,2743144.000000,49175786.230000,1812000000.000000,12684000000.000000,0.027431,18.224112,2011-06-30,2011-08-17,34.154900,,-20.595677,4.413204,4.268853
sz002470,2011-09-01,18.180000,18.250000,17.680000,17.700000,-0.012828,2974407.000000,53429330.650000,1770000000.000000,12390000000.000000,0.029744,17.801696,2011-06-30,2011-08-17,33.363224,,-20.118290,4.310911,4.169906
sz002470,2011-08-31,18.110000,18.540000,17.770000,17.930000,-0.015376,3555426.000000,64343700.840000,1793000000.000000,12551000000.000000,0.035554,18.033023,2011-06-30,2011-08-17,33.796769,,-20.379721,4.366930,4.224092
sz002470,2011-08-30,18.800000,18.990000,18.180000,18.210000,-0.029835,4725641.000000,87694170.270000,1821000000.000000,12747000000.000000,0.047256,18.314629,2011-06-30,2011-08-17,34.324543,,-20.697973,4.435124,4.290056
sz002470,2011-08-29,19.190000,19.330000,18.770000,18.770000,-0.028971,5633374.000000,107194521.340000,1877000000.000000,13139000000.000000,0.056334,18.877850,2011-06-30,2011-08-17,35.380108,,-21.334487,4.571515,4.421986
sz002470,2011-08-26,18.700000,19.700000,18.700000,19.330000,0.021130,8379020.000000,161757267.420000,1933000000.000000,13531000000.000000,0.083790,19.441077,2011-06-30,2011-08-17,36.435687,,-21.971009,4.707908,4.553918
sz002470,2011-08-25,18.450000,19.500000,18.290000,18.930000,0.039539,8556089.000000,162142464.310000,1893000000.000000,13251000000.000000,0.085561,19.038788,2011-06-30,2011-08-17,35.681732,,-21.516369,4.610488,4.459685
sz002470,2011-08-24,18.400000,18.500000,18.130000,18.210000,-0.017269,4637151.000000,84806532.520000,1821000000.000000,12747000000.000000,0.046372,18.314645,2011-06-30,2011-08-17,34.324572,,-20.697991,4.435128,4.290060
sz002470,2011-08-23,18.900000,19.230000,18.280000,18.530000,0.010360,5459670.000000,101782128.670000,1853000000.000000,12971000000.000000,0.054597,18.636478,2011-06-30,2011-08-17,34.927740,,-21.061705,4.513064,4.365447
sz002470,2011-08-22,18.400000,18.680000,18.170000,18.340000,-0.008649,2336765.000000,42848804.450000,1834000000.000000,12838000000.000000,0.023368,18.445384,2011-06-30,2011-08-17,34.569598,,-20.845743,4.466788,4.320685
sz002470,2011-08-19,18.350000,18.950000,18.110000,18.500000,-0.005376,6647271.000000,123565889.540000,1850000000.000000,12950000000.000000,0.066473,18.606310,2011-06-30,2011-08-17,34.871199,,-21.027611,4.505758,4.358380
sz002470,2011-08-18,17.480000,18.750000,17.480000,18.600000,0.042601,7906340.000000,144433406.220000,1860000000.000000,13020000000.000000,0.079063,18.706878,2011-06-30,2011-08-17,35.059680,,-21.141267,4.530112,4.381938
sz002470,2011-08-17,17.520000,18.500000,17.520000,17.840000,0.055621,5921742.000000,106639052.830000,1784000000.000000,12488000000.000000,0.059217,17.942509,2011-06-30,2011-08-17,33.627131,,-20.277428,4.345010,4.202890
sz002470,2011-08-16,16.910000,17.170000,16.780000,16.900000,0.000000,1160082.000000,19706666.030000,1690000000.000000,11830000000.000000,0.011601,16.997113,2011-03-31,2011-04-26,37.931480,,-31.448977,4.192814,3.981439
sz002470,2011-08-15,16.840000,16.930000,16.690000,16.900000,0.008353,985075.000000,16575281.160000,1690000000.000000,11830000000.000000,0.009851,16.997113,2011-03-31,2011-04-26,37.931480,,-31.448977,4.192814,3.981439
sz002470,2011-08-12,16.700000,16.950000,16.570000,16.760000,0.013914,1334210.000000,22436418.910000,1676000000.000000,11732000000.000000,0.013342,16.856312,2011-03-31,2011-04-26,37.617263,,-31.188460,4.158081,3.948457
sz002470,2011-08-11,15.870000,16.570000,15.750000,16.530000,0.022263,1280416.000000,20916536.440000,1653000000.000000,11571000000.000000,0.012804,16.624992,2011-03-31,2011-04-26,37.101039,,-30.760459,4.101020,3.894272
sz002470,2011-08-10,16.300000,16.540000,16.080000,16.170000,0.006223,1133377.000000,18495761.090000,1617000000.000000,11319000000.000000,0.011334,16.262930,2011-03-31,2011-04-26,36.293047,,-30.090553,4.011707,3.809462
sz002470,2011-08-09,15.800000,16.300000,15.670000,16.070000,-0.007412,1173261.000000,18794522.340000,1607000000.000000,11249000000.000000,0.011733,16.162352,2011-03-31,2011-04-26,36.068593,,-29.904457,3.986897,3.785903
sz002470,2011-08-08,16.800000,16.800000,15.740000,16.190000,-0.040877,1576936.000000,25716781.200000,1619000000.000000,11333000000.000000,0.015769,16.283042,2011-03-31,2011-04-26,36.337929,,-30.127764,4.016668,3.814173
sz002470,2011-08-05,16.900000,17.150000,16.750000,16.880000,-0.027089,1215254.000000,20578271.670000,1688000000.000000,11816000000.000000,0.012153,16.977011,2011-03-31,2011-04-26,37.886621,,-31.411784,4.187855,3.976730
sz002470,2011-08-04,17.400000,17.610000,17.350000,17.350000,-0.008571,811528.000000,14195331.720000,1735000000.000000,12145000000.000000,0.008115,17.449706,2011-03-31,2011-04-26,38.941507,,-32.286390,4.304459,4.087455
sz002470,2011-08-03,16.990000,17.560000,16.990000,17.500000,0.002865,956100.000000,16626883.720000,1750000000.000000,12250000000.000000,0.009561,17.600561,2011-03-31,2011-04-26,39.278160,,-32.565509,4.341671,4.122792
sz002470,2011-08-02,17.300000,17.450000,16.960000,17.450000,0.006344,892375.000000,15322301.410000,1745000000.000000,12215000000.000000,0.008924,17.550279,2011-03-31,2011-04-26,39.165950,,-32.472475,4.329268,4.111013
sz002470,2011-08-01,17.110000,17.520000,17.070000,17.340000,0.012850,806085.000000,13998941.300000,1734000000.000000,12138000000.000000,0.008061,17.439642,2011-03-31,2011-04-26,38.919047,,-32.267769,4.301976,4.085098
sz002470,2011-07-29,17.380000,17.500000,17.080000,17.120000,-0.017785,848875.000000,14614779.360000,1712000000.000000,11984000000.000000,0.008489,17.218386,2011-03-31,2011-04-26,38.425282,,-31.858388,4.247397,4.033270
sz002470,2011-07-28,17.400000,17.510000,17.280000,17.430000,-0.009659,996880.000000,17344055.020000,1743000000.000000,12201000000.000000,0.009969,17.530160,2011-03-31,2011-04-26,39.121050,,-32.435249,4.324305,4.106301
sz002470,2011-07-27,17.070000,17.640000,17.060000,17.600000,0.037124,1999536.000000,34853198.570000,1760000000.000000,12320000000.000000,0.019995,17.701135,2011-03-31,2011-04-26,39.502606,,-32.751597,4.366480,4.146350
sz002470,2011-07-26,16.900000,17.090000,16.800000,16.970000,-0.001177,923011.000000,15621004.380000,1697000000.000000,11879000000.000000,0.009230,17.067520,2011-03-31,2011-04-26,38.088605,,-31.579249,4.210182,3.997931
sz002470,2011-07-25,17.850000,17.850000,16.880000,16.990000,-0.051368,1835264.000000,31767567.060000,1699000000.000000,11893000000.000000,0.018353,17.087633,2011-03-31,2011-04-26,38.133488,,-31.616461,4.215143,4.002642
sz002470,2011-07-22,18.000000,18.050000,17.790000,17.910000,-0.005000,1255595.000000,22514494.320000,1791000000.000000,12537000000.000000,0.012556,18.012920,2011-03-31,2011-04-26,40.198399,,-33.328479,4.443391,4.219383
sz002470,2011-07-21,18.150000,18.200000,17.920000,18.000000,-0.006074,1331968.000000,23988458.940000,1800000000.000000,12600000000.000000,0.013320,18.103437,2011-03-31,2011-04-26,40.400401,,-33.495958,4.465720,4.240586
sz002470,2011-07-20,17.960000,18.150000,17.900000,18.110000,0.011732,1452123.000000,26134440.660000,1811000000.000000,12677000000.000000,0.014521,18.214070,2011-03-31,2011-04-26,40.647293,,-33.700656,4.493010,4.266501
sz002470,2011-07-19,18.130000,18.180000,17.830000,17.900000,-0.018102,1584773.000000,28431180.820000,1790000000.000000,12530000000.000000,0.015848,18.002860,2011-03-31,2011-04-26,40.175949,,-33.309865,4.440909,4.217027
sz002470,2011-07-18,18.150000,18.480000,18.140000,18.230000,0.002750,2223385.000000,40687011.160000,1823000000.000000,12761000000.000000,0.022234,18.334756,2011-03-31,2011-04-26,40.916621,,-33.923956,4.522781,4.294771
sz002470,2011-07-15,18.020000,18.350000,18.020000,18.180000,0.002758,1791688.000000,32613201.080000,1818000000.000000,12726000000.000000,0.017917,18.284474,2011-03-31,2011-04-26,40.804409,,-33.830921,4.510377,4.282993
sz002470,2011-07-14,18.090000,18.150000,17.890000,18.130000,0.006104,1816974.000000,32698015.150000,1813000000.000000,12691000000.000000,0.018170,18.234184,2011-03-31,2011-04-26,40.692180,,-33.737872,4.497972,4.271213
sz002470,2011-07-13,17.690000,18.100000,17.610000,18.020000,0.012929,2639089.000000,47443661.900000,1802000000.000000,12614000000.000000,0.026391,18.123558,2011-03-31,2011-04-26,40.445302,,-33.533186,4.470683,4.245299
sz002470,2011-07-12,17.330000,18.030000,17.330000,17.790000,0.016571,4056095.000000,72125611.820000,1779000000.000000,12453000000.000000,0.040561,17.892229,2011-03-31,2011-04-26,39.929059,,-33.105169,4.413619,4.191112
sz002470,2011-07-11,17.200000,17.520000,17.110000,17.500000,0.010393,1101041.000000,19129184.090000,1750000000.000000,12250000000.000000,0.011010,17.600570,2011-03-31,2011-04-26,39.278180,,-32.565526,4.341673,4.122794
sz002470,2011-07-08,17.410000,17.570000,17.210000,17.320000,-0.010286,1776719.000000,30820941.450000,1732000000.000000,12124000000.000000,0.017767,17.419529,2011-03-31,2011-04-26,38.874161,,-32.230553,4.297014,4.080386
sz002470,2011-07-07,17.500000,17.720000,17.400000,17.500000,-0.001142,2064740.000000,36228027.990000,1750000000.000000,12250000000.000000,0.020647,17.600568,2011-03-31,2011-04-26,39.278177,,-32.565522,4.341673,4.122793
sz002470,2011-07-06,17.710000,17.710000,17.380000,17.520000,-0.011287,1184118.000000,20691925.060000,1752000000.000000,12264000000.000000,0.011841,17.620691,2011-03-31,2011-04-26,39.323084,,-32.602755,4.346637,4.127507
sz002470,2011-07-05,17.600000,17.770000,17.420000,17.720000,0.008537,2452118.000000,43056068.680000,1772000000.000000,12404000000.000000,0.024521,17.821846,2011-03-31,2011-04-26,39.771990,,-32.974943,4.396257,4.174626
sz002470,2011-07-04,17.300000,17.630000,17.190000,17.570000,0.022106,2440331.000000,42634378.040000,1757000000.000000,12299000000.000000,0.024403,17.670989,2011-03-31,2011-04-26,39.435331,,-32.695819,4.359044,4.139289
sz002470,2011-07-01,17.110000,17.480000,17.110000,17.190000,0.004089,1992044.000000,34409192.380000,1719000000.000000,12033000000.000000,0.019920,17.288803,2011-03-31,2011-04-26,38.582427,,-31.988677,4.264767,4.049765
sz002470,2011-06-30,16.890000,17.250000,16.860000,17.120000,0.017836,1174966.000000,20088276.780000,1712000000.000000,11984000000.000000,0.011750,17.218397,2011-03-31,2011-04-26,38.425306,,-31.858408,4.247400,4.033273
sz002470,2011-06-29,17.100000,17.150000,16.800000,16.820000,-0.014068,1131612.000000,19197535.410000,1682000000.000000,11774000000.000000,0.011316,16.916671,2011-03-31,2011-04-26,37.751962,,-31.300139,4.172970,3.962596
sz002470,2011-06-28,17.140000,17.450000,16.900000,17.060000,-0.005248,1479084.000000,25359011.820000,1706000000.000000,11942000000.000000,0.014791,17.158050,2011-03-31,2011-04-26,38.290635,,-31.746752,4.232513,4.019137
sz002470,2011-06-27,16.860000,17.260000,16.800000,17.150000,0.016598,2174423.000000,37110689.300000,1715000000.000000,12005000000.000000,0.021744,17.248571,2011-03-31,2011-04-26,38.492644,,-31.914238,4.254843,4.040341
sz002470,2011-06-24,16.320000,16.970000,16.320000,16.870000,0.025532,2175264.000000,36412069.200000,1687000000.000000,11809000000.000000,0.021753,16.966953,2011-03-31,2011-04-26,37.864175,,-31.393174,4.185374,3.974374
sz002470,2011-06-23,16.130000,16.500000,15.990000,16.450000,0.012308,1265846.000000,20627800.950000,1645000000.000000,11515000000.000000,0.012658,16.544538,2011-03-31,2011-04-26,36.921495,,-30.611599,4.081173,3.875427
sz002470,2011-06-22,16.380000,16.410000,16.120000,16.250000,0.001850,670553.000000,10884114.080000,1625000000.000000,11375000000.000000,0.006706,16.343384,2011-03-31,2011-04-26,36.472591,,-30.239412,4.031553,3.828308
sz002470,2011-06-21,16.480000,16.680000,15.990000,16.220000,-0.022892,1552290.000000,25292377.900000,1622000000.000000,11354000000.000000,0.015523,16.313204,2011-03-31,2011-04-26,36.405241,,-30.183572,4.024109,3.821239
sz002470,2011-06-17,16.850000,16.950000,16.580000,16.600000,-0.011905,1028522.000000,17226557.250000,1660000000.000000,11620000000.000000,0.010285,16.695395,2011-03-31,2011-04-26,37.258155,,-30.890723,4.118387,3.910764
sz002470,2011-06-16,17.110000,17.130000,16.780000,16.800000,-0.022119,1012008.000000,17166995.010000,1680000000.000000,11760000000.000000,0.010120,16.896549,2011-03-31,2011-04-26,37.707057,,-31.262908,4.168007,3.957882
sz002470,2011-06-15,17.160000,17.530000,17.080000,17.180000,0.004678,1375039.000000,23746642.070000,1718000000.000000,12026000000.000000,0.013750,17.278737,2011-03-31,2011-04-26,38.559965,,-31.970053,4.262284,4.047407
sz002470,2011-06-14,16.920000,17.170000,16.820000,17.100000,0.005882,1098185.000000,18778560.470000,1710000000.000000,11970000000.000000,0.010982,17.198284,2011-03-31,2011-04-26,38.380421,,-31.821194,4.242438,4.028561
sz002470,2011-06-13,17.000000,17.070000,16.730000,17.000000,-0.009901,1189896.000000,20078855.690000,1700000000.000000,11900000000.000000,0.011899,17.097715,2011-03-31,2011-04-26,38.155988,,-31.635116,4.217630,4.005004
sz002470,2011-06-10,17.200000,17.350000,16.900000,17.170000,-0.006940,1068394.000000,18310888.070000,1717000000.000000,12019000000.000000,0.010684,17.268692,2011-03-31,2011-04-26,38.537548,,-31.951468,4.259806,4.045054
sz002470,2011-06-09,17.350000,17.480000,17.100000,17.290000,-0.003458,1724203.000000,29907929.090000,1729000000.000000,12103000000.000000,0.017242,17.389374,2011-03-31,2011-04-26,38.806868,,-32.174760,4.289576,4.073323
sz002470,2011-06-08,17.370000,17.460000,16.800000,17.350000,-0.001151,1572922.000000,26939557.370000,1735000000.000000,12145000000.000000,0.015729,17.449716,2011-03-31,2011-04-26,38.941528,,-32.286407,4.304461,4.087457
sz002470,2011-06-07,17.170000,17.430000,17.070000,17.370000,0.005208,1073203.000000,18556641.790000,1737000000.000000,12159000000.000000,0.010732,17.469823,2011-03-31,2011-04-26,38.986401,,-32.323611,4.309421,4.092167
sz002470,2011-06-03,17.010000,17.400000,17.010000,17.280000,0.013490,1605458.000000,27675039.440000,1728000000.000000,12096000000.000000,0.016055,17.379312,2011-03-31,2011-04-26,38.784412,,-32.156142,4.287094,4.070966
sz002470,2011-06-02,17.250000,17.250000,16.800000,17.050000,-0.022362,1292828.000000,22029378.360000,1705000000.000000,11935000000.000000,0.012928,17.147986,2011-03-31,2011-04-26,38.268174,,-31.728130,4.230031,4.016779
sz002470,2011-06-01,17.370000,17.580000,17.230000,17.440000,0.002299,1368001.000000,23867553.050000,1744000000.000000,12208000000.000000,0.013680,17.540220,2011-03-31,2011-04-26,39.143501,,-32.453863,4.326786,4.108657
sz002470,2011-05-31,16.910000,17.460000,16.700000,17.400000,0.039809,1532135.000000,26195624.540000,1740000000.000000,12180000000.000000,0.015321,17.499987,2011-03-31,2011-04-26,39.053717,,-32.379423,4.316862,4.099233
sz002470,2011-05-30,17.200000,17.200000,16.700000,16.830000,-0.022080,1615682.000000,27321743.920000,1683000000.000000,11781000000.000000,0.016157,16.830002,2011-03-31,2011-04-26,37.558548,,-31.139779,4.151591,3.942294
sz002470,2011-05-27,18.620000,18.840000,16.980000,17.210000,-0.086518,3759829.000000,66664396.070000,1721000000.000000,12047000000.000000,0.037598,17.209999,2011-03-31,2011-04-26,38.406565,,-31.842870,4.245328,4.031305
sz002470,2011-05-26,18.820000,19.100000,18.560000,18.840000,0.002128,2724859.000000,51299148.580000,1884000000.000000,13188000000.000000,0.027249,18.839998,2011-03-31,2011-04-26,42.044140,,-34.858782,4.647413,4.413120
sz002470,2011-05-25,19.550000,19.550000,18.780000,18.800000,-0.041305,3652451.000000,69499027.420000,1880000000.000000,13160000000.000000,0.036525,18.799991,2011-03-31,2011-04-26,41.954860,,-34.784760,4.637544,4.403749
sz002470,2011-05-24,19.450000,19.710000,19.170000,19.610000,0.008226,3401290.000000,66245992.000000,1961000000.000000,13727000000.000000,0.034013,19.609981,2011-03-31,2011-04-26,43.762469,,-36.283448,4.837351,4.593482
sz002470,2011-05-23,19.840000,19.900000,19.100000,19.450000,-0.019657,4049116.000000,78559879.280000,1945000000.000000,13615000000.000000,0.040491,19.449986,2011-03-31,2011-04-26,43.405416,,-35.987415,4.797883,4.556005
sz002470,2011-05-20,19.830000,20.080000,19.620000,19.840000,-0.002012,4054912.000000,80593285.720000,1984000000.000000,13888000000.000000,0.040549,19.839980,2011-03-31,2011-04-26,44.275744,,-36.709004,4.894087,4.647358
sz002470,2011-05-19,19.810000,20.080000,19.750000,19.880000,0.005056,4121783.000000,81983007.700000,1988000000.000000,13916000000.000000,0.041218,19.879979,2011-03-31,2011-04-26,44.365007,,-36.783012,4.903953,4.656727
sz002470,2011-05-18,19.770000,19.980000,19.380000,19.780000,0.000506,5277663.000000,103698282.420000,1978000000.000000,13846000000.000000,0.052777,19.779971,2011-03-31,2011-04-26,44.141826,,-36.597972,4.879284,4.633301
sz002470,2011-05-17,18.770000,20.250000,18.700000,19.770000,0.053277,9533378.000000,187592786.760000,1977000000.000000,13839000000.000000,0.095334,19.769968,2011-03-31,2011-04-26,44.119501,,-36.579463,4.876816,4.630958
sz002470,2011-05-16,18.420000,18.880000,18.300000,18.770000,0.018448,4241778.000000,79457535.180000,1877000000.000000,13139000000.000000,0.042418,18.769961,2011-03-31,2011-04-26,41.887843,,-34.729196,4.630136,4.396714
sz002470,2011-05-13,18.230000,18.450000,17.710000,18.430000,0.015987,1612697.000000,29159985.140000,1843000000.000000,12901000000.000000,0.016127,18.429965,2011-03-31,2011-04-26,41.129093,,-34.100117,4.546267,4.317073
sz002470,2011-05-12,18.200000,18.530000,18.100000,18.140000,-0.012520,1332591.000000,24444875.620000,1814000000.000000,12698000000.000000,0.013326,18.139961,2011-03-31,2011-04-26,40.481909,,-33.563536,4.474729,4.249142
sz002470,2011-05-11,18.320000,18.490000,18.170000,18.370000,-0.001088,1128551.000000,20705298.990000,1837000000.000000,12859000000.000000,0.011286,18.369953,2011-03-31,2011-04-26,40.995168,,-33.989080,4.531463,4.303016
sz002470,2011-05-10,18.580000,18.580000,18.280000,18.390000,0.000544,1356114.000000,24951897.010000,1839000000.000000,12873000000.000000,0.013561,18.389961,2011-03-31,2011-04-26,41.039820,,-34.026100,4.536399,4.307702
sz002470,2011-05-09,18.150000,18.450000,18.090000,18.380000,0.007675,1476676.000000,27000572.760000,1838000000.000000,12866000000.000000,0.014767,18.379962,2011-03-31,2011-04-26,41.017506,,-34.007600,4.533932,4.305360
sz002470,2011-05-06,17.740000,18.340000,17.650000,18.240000,0.017289,1668914.000000,30256459.880000,1824000000.000000,12768000000.000000,0.016689,18.239971,2011-03-31,2011-04-26,40.705095,,-33.748580,4.499399,4.272568
sz002470,2011-05-05,17.890000,17.960000,17.610000,17.930000,0.019329,1513033.000000,26960536.150000,1793000000.000000,12551000000.000000,0.015130,17.929979,2011-03-31,2011-04-26,40.013305,,-33.175017,4.422931,4.199955
sz002470,2011-05-04,17.870000,17.970000,17.500000,17.590000,-0.018963,961741.000000,17069797.290000,1759000000.000000,12313000000.000000,0.009617,17.589982,2011-03-31,2011-04-26,39.254553,,-32.545936,4.339062,4.120314
sz002470,2011-05-03,17.800000,17.980000,17.720000,17.930000,0.007303,940877.000000,16777490.010000,1793000000.000000,12551000000.000000,0.009409,17.929989,2011-03-31,2011-04-26,40.013326,,-33.175034,4.422934,4.199957
sz002470,2011-04-29,17.600000,17.850000,17.420000,17.800000,0.007928,641094.000000,11330847.110000,1780000000.000000,12460000000.000000,0.006411,17.799995,2011-03-31,2011-04-26,39.723227,,-32.934514,4.390867,4.169508
sz002470,2011-04-28,17.800000,17.950000,17.270000,17.660000,-0.006190,1070056.000000,18909470.440000,1766000000.000000,12362000000.000000,0.010701,17.659987,2011-03-31,2011-04-26,39.410779,,-32.675463,4.356330,4.136712
sz002470,2011-04-27,18.320000,18.320000,17.580000,17.770000,-0.022014,1307307.000000,23383420.570000,1777000000.000000,12439000000.000000,0.013073,17.769983,2011-03-31,2011-04-26,39.656251,,-32.878984,4.383464,4.162477
sz002470,2011-04-26,18.000000,18.260000,17.960000,18.170000,0.015084,1068064.000000,19344958.430000,1817000000.000000,12719000000.000000,0.010681,18.169977,2011-03-31,2011-04-26,40.548894,,-33.619074,4.482134,4.256173
sz002470,2011-04-25,18.670000,18.700000,17.840000,17.900000,-0.041243,1476530.000000,26848203.350000,1790000000.000000,12530000000.000000,0.014765,17.899974,2010-12-31,2011-03-22,39.946371,,-33.119522,4.607779,4.192927
sz002470,2011-04-22,18.880000,18.880000,18.400000,18.670000,-0.005857,2003293.000000,37240842.180000,1867000000.000000,13069000000.000000,0.020033,18.669980,2010-12-31,2011-03-22,41.664750,,-34.544230,4.805992,4.373294
sz002470,2011-04-21,18.610000,18.920000,18.440000,18.780000,0.023991,3493287.000000,65497747.840000,1878000000.000000,13146000000.000000,0.034933,18.779974,2010-12-31,2011-03-22,41.910219,,-34.747747,4.834307,4.399060
sz002470,2011-04-20,18.380000,18.430000,18.140000,18.340000,-0.002176,2106482.000000,38509640.880000,1834000000.000000,12838000000.000000,0.021065,18.339980,2010-12-31,2011-03-22,40.928308,,-33.933645,4.721044,4.295995
sz002470,2011-04-19,17.800000,18.470000,17.780000,18.380000,0.026816,3451820.000000,63031219.280000,1838000000.000000,12866000000.000000,0.034518,18.379975,2010-12-31,2011-03-22,41.017562,,-34.007646,4.731340,4.305363
sz002470,2011-04-18,17.780000,17.950000,17.720000,17.900000,0.000559,1181684.000000,21106083.510000,1790000000.000000,12530000000.000000,0.011817,17.899969,2010-12-31,2011-03-22,39.946360,,-33.119513,4.607778,4.192926
sz002470,2011-04-15,17.870000,17.920000,17.470000,17.890000,-0.002231,1855498.000000,32859503.570000,1789000000.000000,12523000000.000000,0.018555,17.889969,2010-12-31,2011-03-22,39.924043,,-33.101010,4.605203,4.190583
sz002470,2011-04-14,17.930000,18.000000,17.750000,17.930000,0.000000,1541139.000000,27559515.650000,1793000000.000000,12551000000.000000,0.015411,17.929970,2010-12-31,2011-03-22,40.013312,,-33.175023,4.615500,4.199953
sz002470,2011-04-13,18.300000,18.320000,17.730000,17.930000,-0.023420,2359362.000000,42235144.610000,1793000000.000000,12551000000.000000,0.023594,17.929970,2010-12-31,2011-03-22,40.013312,,-33.175023,4.615500,4.199953
sz002470,2011-04-11,18.650000,18.700000,18.340000,18.360000,-0.015550,1482986.000000,27438683.330000,1836000000.000000,12852000000.000000,0.014830,18.359961,2010-12-31,2011-03-22,40.972898,,-33.970615,4.726188,4.300675
sz002470,2011-04-08,18.480000,18.700000,18.400000,18.650000,0.003228,1647678.000000,30532302.320000,1865000000.000000,13055000000.000000,0.016477,18.649968,2010-12-31,2011-03-22,41.620090,,-34.507202,4.800841,4.368607
sz002470,2011-04-07,18.590000,18.680000,18.300000,18.590000,0.003780,1196825.000000,22114501.070000,1859000000.000000,13013000000.000000,0.011968,18.589959,2010-12-31,2011-03-22,41.486173,,-34.396171,4.785394,4.354550
sz002470,2011-04-06,18.700000,18.800000,18.460000,18.520000,-0.009626,1067693.000000,19889990.750000,1852000000.000000,12964000000.000000,0.010677,18.519954,2010-12-31,2011-03-22,41.329945,,-34.266643,4.767373,4.338152
sz002470,2011-04-01,18.310000,18.700000,18.280000,18.700000,0.021858,1248257.000000,23126991.070000,1870000000.000000,13090000000.000000,0.012483,18.699960,2010-12-31,2011-03-22,41.731654,,-34.599700,4.813710,4.380317
sz002470,2011-03-31,18.600000,18.620000,18.280000,18.300000,-0.016129,877754.000000,16120073.120000,1830000000.000000,12810000000.000000,0.008778,18.299959,2010-12-31,2011-03-22,40.838996,,-33.859597,4.710742,4.286620
sz002470,2011-03-30,18.690000,18.690000,18.280000,18.600000,-0.004815,1221332.000000,22593568.370000,1860000000.000000,13020000000.000000,0.012213,18.599958,2010-12-31,2011-03-22,41.508486,,-34.414671,4.787967,4.356892
sz002470,2011-03-29,18.800000,18.920000,18.410000,18.690000,-0.006908,1640261.000000,30740844.340000,1869000000.000000,13083000000.000000,0.016403,18.689950,2010-12-31,2011-03-22,41.709316,,-34.581179,4.811133,4.377972
sz002470,2011-03-28,18.780000,18.940000,18.610000,18.820000,0.000000,2255927.000000,42378273.400000,1882000000.000000,13174000000.000000,0.022559,18.819958,2010-12-31,2011-03-22,41.999448,,-34.821728,4.844599,4.408426
sz002470,2011-03-25,18.210000,18.950000,18.130000,18.820000,0.033498,3519413.000000,65376532.540000,1882000000.000000,13174000000.000000,0.035194,18.819958,2010-12-31,2011-03-22,41.999448,,-34.821728,4.844599,4.408426
sz002470,2011-03-24,18.390000,18.450000,18.150000,18.210000,-0.012473,1800418.000000,32871197.170000,1821000000.000000,12747000000.000000,0.018004,18.209961,2010-12-31,2011-03-22,40.638152,,-33.693077,4.687575,4.265539
sz002470,2011-03-23,18.460000,18.490000,18.140000,18.440000,-0.005930,1670837.000000,30567407.080000,1844000000.000000,12908000000.000000,0.016708,18.439963,2010-12-31,2011-03-22,41.151433,,-34.118639,4.746782,4.319415
sz002470,2011-03-22,18.800000,18.800000,18.300000,18.550000,-0.015915,1869126.000000,34548013.160000,1855000000.000000,12985000000.000000,0.018691,18.549964,2010-12-31,2011-03-22,41.396917,,-34.322170,4.775098,4.345182
sz002470,2011-03-21,18.620000,18.850000,18.500000,18.850000,0.013441,1740719.000000,32494842.650000,1885000000.000000,13195000000.000000,0.017407,18.849961,2010-09-30,2010-10-12,53.113481,,11.394532,4.948730,4.415454
sz002470,2011-03-18,18.540000,18.730000,18.540000,18.600000,0.003236,1102948.000000,20555576.890000,1860000000.000000,13020000000.000000,0.011029,18.599959,2010-09-30,2010-10-12,52.409051,,11.243409,4.883096,4.356893
sz002470,2011-03-17,18.830000,18.830000,18.400000,18.540000,-0.021119,1599984.000000,29790373.700000,1854000000.000000,12978000000.000000,0.016000,18.539964,2010-09-30,2010-10-12,52.240003,,11.207143,4.867345,4.342839
sz002470,2011-03-16,18.620000,18.960000,18.410000,18.940000,0.017186,2545281.000000,47671468.840000,1894000000.000000,13258000000.000000,0.025453,18.939957,2010-09-30,2010-10-12,53.367061,,11.448933,4.972357,4.436534
sz002470,2011-03-15,18.650000,18.700000,18.000000,18.620000,-0.005873,3068091.000000,56068089.720000,1862000000.000000,13034000000.000000,0.030681,18.619954,2010-09-30,2010-10-12,52.465391,,11.255496,4.888346,4.361576
sz002470,2011-03-14,18.650000,18.780000,18.350000,18.730000,0.000534,2473227.000000,45858959.880000,1873000000.000000,13111000000.000000,0.024732,18.729955,2010-09-30,2010-10-12,52.775341,,11.321990,4.917224,4.387343
sz002470,2011-03-11,18.890000,19.060000,18.720000,18.720000,-0.012658,2179784.000000,41127599.380000,1872000000.000000,13104000000.000000,0.021798,18.719959,2010-09-30,2010-10-12,52.747174,,11.315948,4.914600,4.385002
sz002470,2011-03-10,19.300000,19.380000,18.960000,18.960000,-0.019648,2372299.000000,45289180.470000,1896000000.000000,13272000000.000000,0.023723,18.959954,2010-09-30,2010-10-12,53.423407,,11.461021,4.977607,4.441219
sz002470,2011-03-09,19.250000,19.440000,19.200000,19.340000,0.004675,1959784.000000,37831343.920000,1934000000.000000,13538000000.000000,0.019598,19.339945,2010-09-30,2010-10-12,54.494108,,11.690720,5.077367,4.530228
sz002470,2011-03-08,19.500000,19.500000,19.150000,19.250000,-0.010283,2181910.000000,42090530.080000,1925000000.000000,13475000000.000000,0.021819,19.249951,2010-09-30,2010-10-12,54.240533,,11.636321,5.053740,4.509148
sz002470,2011-03-07,19.070000,19.590000,18.000000,19.450000,0.020997,4313429.000000,83361778.760000,1945000000.000000,13615000000.000000,0.043134,19.449955,2010-09-30,2010-10-12,54.804083,,11.757220,5.106248,4.555998
sz002470,2011-03-04,18.680000,19.160000,18.680000,19.050000,0.019807,2123022.000000,40224614.300000,1905000000.000000,13335000000.000000,0.021230,19.049963,2010-09-30,2010-10-12,53.677027,,11.515431,5.001237,4.462303
sz002470,2011-03-03,19.250000,19.300000,18.650000,18.680000,-0.025561,2486584.000000,47114987.080000,1868000000.000000,13076000000.000000,0.024866,18.679969,2010-09-30,2010-10-12,52.634495,,11.291774,4.904101,4.375634
sz002470,2011-03-02,19.190000,19.190000,18.850000,19.170000,-0.003638,2433713.000000,46262824.310000,1917000000.000000,13419000000.000000,0.024337,19.169973,2010-09-30,2010-10-12,54.015177,,11.587975,5.032743,4.490414
sz002470,2011-03-01,18.710000,19.380000,18.710000,19.240000,0.028877,4812577.000000,91832290.410000,1924000000.000000,13468000000.000000,0.048126,19.239968,2010-09-30,2010-10-12,54.212402,,11.630286,5.051119,4.506810
sz002470,2011-02-28,18.640000,18.750000,18.400000,18.700000,0.010265,2208447.000000,41176167.630000,1870000000.000000,13090000000.000000,0.022084,18.699969,2010-09-30,2010-10-12,52.690849,,11.303864,4.909352,4.380319
sz002470,2011-02-25,18.520000,18.590000,18.220000,18.510000,-0.000540,1510863.000000,27785651.150000,1851000000.000000,12957000000.000000,0.015109,18.509964,2010-09-30,2010-10-12,52.155473,,11.189009,4.859470,4.335812
sz002470,2011-02-24,18.250000,18.740000,18.180000,18.520000,0.014795,2199807.000000,40708656.060000,1852000000.000000,12964000000.000000,0.021998,18.519965,2010-09-30,2010-10-12,52.183652,,11.195054,4.862095,4.338155
sz002470,2011-02-23,18.170000,18.360000,18.100000,18.250000,0.003850,1658433.000000,30222299.020000,1825000000.000000,12775000000.000000,0.016584,18.249957,2010-09-30,2010-10-12,51.422851,,11.031838,4.791209,4.274907
sz002470,2011-02-22,18.900000,18.980000,18.180000,18.180000,-0.038095,3319809.000000,61220727.340000,1818000000.000000,12726000000.000000,0.033198,18.179964,2010-09-30,2010-10-12,51.225632,,10.989528,4.772834,4.258512
sz002470,2011-02-21,18.400000,18.950000,18.190000,18.900000,0.024390,3329039.000000,62152278.120000,1890000000.000000,13230000000.000000,0.033290,18.899958,2010-09-30,2010-10-12,53.254357,,11.424754,4.961856,4.427165
sz002470,2011-02-18,18.300000,18.510000,18.160000,18.450000,0.005450,2624261.000000,48240149.840000,1845000000.000000,12915000000.000000,0.026243,18.449963,2010-09-30,2010-10-12,51.986408,,11.152739,4.843717,4.321757
sz002470,2011-02-17,18.350000,18.400000,18.110000,18.350000,0.003829,2401090.000000,43821918.850000,1835000000.000000,12845000000.000000,0.024011,18.349956,2010-09-30,2010-10-12,51.704618,,11.092286,4.817462,4.298331
sz002470,2011-02-16,18.030000,18.280000,17.920000,18.280000,0.013866,2422292.000000,43845300.510000,1828000000.000000,12796000000.000000,0.024223,18.279962,2010-09-30,2010-10-12,51.507396,,11.049976,4.799087,4.281936
sz002470,2011-02-15,18.400000,18.450000,18.000000,18.030000,-0.017974,2665407.000000,48738816.670000,1803000000.000000,12621000000.000000,0.026654,18.029958,2010-09-30,2010-10-12,50.802962,,10.898852,4.733452,4.223375
sz002470,2011-02-14,18.160000,18.440000,18.140000,18.360000,0.011013,2397332.000000,43805318.180000,1836000000.000000,12852000000.000000,0.023973,18.359960,2010-09-30,2010-10-12,51.732808,,11.098334,4.820089,4.300675
sz002470,2011-02-11,18.240000,18.430000,18.100000,18.160000,-0.004932,2308599.000000,42050627.690000,1816000000.000000,12712000000.000000,0.023086,18.159965,2010-09-30,2010-10-12,51.169281,,10.977439,4.767583,4.253827
sz002470,2011-02-10,17.670000,18.300000,17.670000,18.250000,0.032824,2679781.000000,48643119.970000,1825000000.000000,12775000000.000000,0.026798,18.249974,2010-09-30,2010-10-12,51.422898,,11.031848,4.791214,4.274911
sz002470,2011-02-09,17.370000,17.980000,17.250000,17.670000,0.016686,1764096.000000,31306825.370000,1767000000.000000,12369000000.000000,0.017641,17.669974,2010-09-30,2010-10-12,49.788636,,10.681247,4.638945,4.139051
sz002470,2011-02-01,17.600000,17.700000,17.290000,17.380000,-0.007424,858422.000000,14944448.090000,1738000000.000000,12166000000.000000,0.008584,17.379972,2010-09-30,2010-10-12,48.971498,,10.505945,4.562810,4.071120
sz002470,2011-01-31,17.250000,17.640000,17.160000,17.510000,0.015072,1391196.000000,24322477.580000,1751000000.000000,12257000000.000000,0.013912,17.509966,2010-09-30,2010-10-12,49.337781,,10.584524,4.596938,4.101570
sz002470,2011-01-28,17.180000,17.320000,17.080000,17.250000,0.000580,1064825.000000,18329641.040000,1725000000.000000,12075000000.000000,0.010648,17.249974,2010-09-30,2010-10-12,48.605204,,10.427363,4.528681,4.040669
sz002470,2011-01-27,17.000000,17.340000,16.830000,17.240000,0.007598,1507815.000000,25897874.030000,1724000000.000000,12068000000.000000,0.015078,17.239975,2010-09-30,2010-10-12,48.577029,,10.421319,4.526056,4.038327
sz002470,2011-01-26,16.720000,17.110000,16.720000,17.110000,0.023325,950666.000000,16150739.860000,1711000000.000000,11977000000.000000,0.009507,17.109974,2010-09-30,2010-10-12,48.210724,,10.342735,4.491926,4.007875
sz002470,2011-01-25,16.530000,16.720000,16.480000,16.720000,-0.001791,826925.000000,13706129.390000,1672000000.000000,11704000000.000000,0.008269,16.719980,2010-09-30,2010-10-12,47.111840,,10.106989,4.389540,3.916523
sz002470,2011-01-24,17.190000,17.230000,16.600000,16.750000,-0.026729,1136765.000000,19183115.810000,1675000000.000000,11725000000.000000,0.011368,16.749979,2010-09-30,2010-10-12,47.196369,,10.125123,4.397416,3.923550
sz002470,2011-01-21,17.080000,17.390000,17.020000,17.210000,0.008792,1298086.000000,22306045.990000,1721000000.000000,12047000000.000000,0.012981,17.209985,2010-09-30,2010-10-12,48.492526,,10.403190,4.518183,4.031302
sz002470,2011-01-20,17.070000,17.640000,16.980000,17.060000,0.004711,2946241.000000,51012228.890000,1706000000.000000,11942000000.000000,0.029462,17.059994,2010-09-30,2010-10-12,48.069895,,10.312522,4.478805,3.996168
sz002470,2011-01-19,16.720000,17.080000,16.710000,16.980000,0.015550,1803624.000000,30470608.620000,1698000000.000000,11886000000.000000,0.018036,16.980001,2010-09-30,2010-10-12,47.844500,,10.264168,4.457804,3.977430
sz002470,2011-01-18,16.850000,16.850000,16.420000,16.720000,-0.010065,1411819.000000,23534820.620000,1672000000.000000,11704000000.000000,0.014118,16.720005,2010-09-30,2010-10-12,47.111910,,10.107004,4.389547,3.916528
sz002470,2011-01-17,18.020000,18.120000,16.700000,16.890000,-0.076039,2519438.000000,43509870.540000,1689000000.000000,11823000000.000000,0.025194,16.890003,2010-09-30,2010-10-12,47.590912,,10.209765,4.434177,3.956349
sz002470,2011-01-14,18.720000,18.720000,18.270000,18.280000,-0.024026,1687621.000000,31162009.970000,1828000000.000000,12796000000.000000,0.016876,18.279995,2010-09-30,2010-10-12,51.507490,,11.049996,4.799095,4.281944
sz002470,2011-01-13,18.730000,18.860000,18.660000,18.730000,0.000534,1058136.000000,19837180.060000,1873000000.000000,13111000000.000000,0.010581,18.730002,2010-09-30,2010-10-12,52.775474,,11.322019,4.917237,4.387354
sz002470,2011-01-12,18.590000,18.820000,18.530000,18.720000,0.007535,1399507.000000,26111000.370000,1872000000.000000,13104000000.000000,0.013995,18.720006,2010-09-30,2010-10-12,52.747307,,11.315976,4.914612,4.385013
sz002470,2011-01-11,18.820000,18.940000,18.510000,18.580000,-0.016411,1656615.000000,30914169.050000,1858000000.000000,13006000000.000000,0.016566,18.580005,2010-09-30,2010-10-12,52.352828,,11.231348,4.877858,4.352219
sz002470,2011-01-10,19.050000,19.170000,18.850000,18.890000,-0.008399,1896694.000000,36018669.800000,1889000000.000000,13223000000.000000,0.018967,18.890009,2010-09-30,2010-10-12,53.226325,,11.418741,4.959244,4.424835
sz002470,2011-01-07,18.810000,19.180000,18.810000,19.050000,0.008470,1728275.000000,32853075.560000,1905000000.000000,13335000000.000000,0.017283,19.050010,2010-09-30,2010-10-12,53.677160,,11.515459,5.001249,4.462314
sz002470,2011-01-06,19.230000,19.250000,18.850000,18.890000,-0.016146,2436360.000000,46186501.500000,1889000000.000000,13223000000.000000,0.024364,18.890012,2010-09-30,2010-10-12,53.226333,,11.418742,4.959245,4.424835
sz002470,2011-01-05,19.360000,19.360000,19.180000,19.200000,-0.010309,2083633.000000,40084338.190000,1920000000.000000,13440000000.000000,0.020836,19.200015,2010-09-30,2010-10-12,54.099829,,11.606135,5.040631,4.497451
sz002470,2011-01-04,19.380000,19.440000,19.180000,19.400000,0.008316,2059943.000000,39772015.840000,1940000000.000000,13580000000.000000,0.020599,19.400010,2010-09-30,2010-10-12,54.663353,,11.727029,5.093136,4.544298
sz002470,2010-12-31,19.080000,19.240000,19.010000,19.240000,0.013165,1568646.000000,29998334.870000,1924000000.000000,13468000000.000000,0.015686,19.240010,2010-09-30,2010-10-12,54.212522,,11.630311,5.051131,4.506820
sz002470,2010-12-30,19.250000,19.280000,18.880000,18.990000,-0.012994,1685690.000000,32066356.250000,1899000000.000000,13293000000.000000,0.016857,18.990007,2010-09-30,2010-10-12,53.508088,,11.479188,4.985496,4.448258
sz002470,2010-12-29,18.820000,19.260000,18.750000,19.240000,0.017989,1943043.000000,36952337.840000,1924000000.000000,13468000000.000000,0.019430,19.240011,2010-09-30,2010-10-12,54.212525,,11.630312,5.051131,4.506820
sz002470,2010-12-28,18.800000,19.120000,18.620000,18.900000,-0.001585,2741019.000000,51609056.170000,1890000000.000000,13230000000.000000,0.027410,18.900019,2010-09-30,2010-10-12,53.254530,,11.424791,4.961872,4.427179
sz002470,2010-12-27,19.650000,19.750000,18.900000,18.930000,-0.029231,3045794.000000,59079397.830000,1893000000.000000,13251000000.000000,0.030458,18.930023,2010-09-30,2010-10-12,53.339072,,11.442929,4.969749,4.434208
sz002470,2010-12-24,20.200000,20.300000,19.490000,19.500000,-0.039409,4042671.000000,79938509.970000,1950000000.000000,13650000000.000000,0.040427,19.500028,2010-09-30,2010-10-12,54.945174,,11.787489,5.119394,4.567727
sz002470,2010-12-23,20.340000,20.640000,20.040000,20.300000,-0.003925,5227948.000000,106335854.830000,2030000000.000000,14210000000.000000,0.052279,20.300032,2010-09-30,2010-10-12,57.199343,,12.271080,5.329421,4.755121
sz002470,2010-12-22,20.330000,20.650000,20.100000,20.380000,0.001474,4583292.000000,93398099.000000,2038000000.000000,14266000000.000000,0.045833,20.380024,2010-09-30,2010-10-12,57.424735,,12.319433,5.350421,4.773859
sz002470,2010-12-21,20.490000,20.490000,20.010000,20.350000,-0.002451,3863061.000000,78296794.700000,2035000000.000000,14245000000.000000,0.038631,20.350028,2010-09-30,2010-10-12,57.340216,,12.301301,5.342546,4.766832
sz002470,2010-12-20,20.350000,20.670000,19.830000,20.400000,0.013917,6934102.000000,140939152.280000,2040000000.000000,14280000000.000000,0.069341,20.400029,2010-09-30,2010-10-12,57.481102,,12.331526,5.355673,4.778545
sz002470,2010-12-17,19.900000,20.170000,19.900000,20.120000,0.007007,3037420.000000,60938529.280000,2012000000.000000,14084000000.000000,0.030374,20.120018,2010-09-30,2010-10-12,56.692118,,12.162264,5.282161,4.712954
sz002470,2010-12-16,19.920000,20.140000,19.810000,19.980000,0.003012,3372664.000000,67458769.390000,1998000000.000000,13986000000.000000,0.033727,19.980018,2010-09-30,2010-10-12,56.297640,,12.077636,5.245407,4.680161
sz002470,2010-12-15,20.000000,20.400000,19.800000,19.920000,-0.004000,5695888.000000,114789691.620000,1992000000.000000,13944000000.000000,0.056959,19.920019,2010-09-30,2010-10-12,56.128581,,12.041367,5.229655,4.666106
sz002470,2010-12-14,19.830000,20.000000,19.730000,20.000000,0.008573,3880809.000000,77139207.070000,2000000000.000000,14000000000.000000,0.038808,20.000019,2010-09-30,2010-10-12,56.353997,,12.089726,5.250658,4.684846
sz002470,2010-12-13,19.410000,19.900000,19.410000,19.830000,0.026929,4513175.000000,88820201.940000,1983000000.000000,13881000000.000000,0.045132,19.830017,2010-09-30,2010-10-12,55.874981,,11.986962,5.206026,4.645024
sz002470,2010-12-10,19.020000,19.430000,18.800000,19.310000,0.009409,3169080.000000,60813321.860000,1931000000.000000,13517000000.000000,0.031691,19.310017,2010-09-30,2010-10-12,54.409780,,11.672629,5.069510,4.523218
sz002470,2010-12-09,19.800000,19.800000,19.110000,19.130000,-0.038693,5971159.000000,115510340.500000,1913000000.000000,13391000000.000000,0.059712,19.130023,2010-09-30,2010-10-12,53.902610,,11.563825,5.022255,4.481056
sz002470,2010-12-08,20.580000,20.580000,19.780000,19.900000,-0.033511,11772725.000000,234842549.870000,1990000000.000000,13930000000.000000,0.117727,19.900014,2010-09-30,2010-10-12,56.072212,,12.029274,5.224403,4.661420
sz002470,2010-12-07,20.510000,20.760000,19.700000,20.590000,-0.010572,4032651.000000,82020432.080000,1647200000.000000,14413000000.000000,0.050408,20.590006,2010-09-30,2010-10-12,58.016400,,12.446364,5.405548,4.823045
sz002470,2010-12-06,21.990000,21.990000,20.610000,20.810000,-0.047161,6185977.000000,131390458.170000,1664800000.000000,14567000000.000000,0.077325,20.810009,2010-09-30,2010-10-12,58.636303,,12.579353,5.463306,4.874579
sz002470,2010-12-03,21.020000,21.980000,20.770000,21.840000,0.037530,10040233.000000,217252862.400000,1747200000.000000,15288000000.000000,0.125503,21.840006,2010-09-30,2010-10-12,61.538521,,13.201971,5.733714,5.115848
sz002470,2010-12-02,20.700000,21.420000,20.510000,21.050000,0.030348,4136417.000000,86930608.160000,1684000000.000000,14735000000.000000,0.051705,21.049999,2010-09-30,2010-10-12,59.312522,,12.724424,5.526312,4.930795
sz002470,2010-12-01,20.570000,20.570000,20.310000,20.430000,-0.008252,1909752.000000,39030785.530000,1634400000.000000,14301000000.000000,0.023872,20.429990,2010-09-30,2010-10-12,57.565524,,12.349637,5.363539,4.785563
sz002470,2010-11-30,21.330000,21.560000,20.250000,20.600000,-0.035129,4058443.000000,84499535.260000,1648000000.000000,14420000000.000000,0.050731,20.599981,2010-09-30,2010-10-12,58.044507,,12.452394,5.408167,4.825382
sz002470,2010-11-29,21.330000,21.430000,21.010000,21.350000,-0.003268,2958219.000000,62713881.310000,1708000000.000000,14945000000.000000,0.036978,21.349984,2010-09-30,2010-10-12,60.157790,,12.905761,5.605068,5.001064
sz002470,2010-11-26,21.780000,21.780000,21.270000,21.420000,-0.016980,3286225.000000,70606331.190000,1713600000.000000,14994000000.000000,0.041078,21.419985,2010-09-30,2010-10-12,60.355030,,12.948075,5.623445,5.017461
sz002470,2010-11-25,21.950000,22.170000,21.590000,21.790000,-0.003658,4240873.000000,92615827.860000,1743200000.000000,15253000000.000000,0.053011,21.789979,2010-09-30,2010-10-12,61.397561,,13.171731,5.720580,5.104129
sz002470,2010-11-24,21.250000,21.880000,21.080000,21.870000,0.017209,5031344.000000,108945827.420000,1749600000.000000,15309000000.000000,0.062892,21.869979,2010-09-30,2010-10-12,61.622978,,13.220090,5.741583,5.122869
sz002470,2010-11-23,21.690000,21.690000,20.710000,21.500000,-0.010129,4144795.000000,87949921.610000,1720000000.000000,15050000000.000000,0.051810,21.499986,2010-09-30,2010-10-12,60.580449,,12.996434,5.644448,5.036201
sz002470,2010-11-22,20.890000,21.910000,20.650000,21.720000,0.034778,6896556.000000,148779867.450000,1737600000.000000,15204000000.000000,0.086207,21.719988,2010-09-30,2010-10-12,61.200347,,13.129422,5.702206,5.087735
sz002470,2010-11-19,20.800000,20.990000,20.510000,20.990000,0.016957,3223443.000000,66974766.370000,1679200000.000000,14693000000.000000,0.040293,20.989997,2010-09-30,2010-10-12,59.143456,,12.688154,5.510559,4.916740
sz002470,2010-11-18,20.520000,20.870000,20.330000,20.640000,0.010774,2145099.000000,44126197.700000,1651200000.000000,14448000000.000000,0.026814,20.640005,2010-09-30,2010-10-12,58.157283,,12.476588,5.418675,4.834757
sz002470,2010-11-17,20.800000,21.230000,20.300000,20.420000,-0.039962,3788246.000000,78382094.270000,1633600000.000000,14294000000.000000,0.047353,20.420000,2010-09-30,2010-10-12,57.537375,,12.343598,5.360916,4.783223
sz002470,2010-11-16,21.170000,21.730000,20.590000,21.270000,0.009013,6010095.000000,128107798.460000,1701600000.000000,14889000000.000000,0.075126,21.269991,2010-09-30,2010-10-12,59.932393,,12.857406,5.584067,4.982326
sz002470,2010-11-15,20.400000,21.120000,20.310000,21.080000,0.034347,4173446.000000,86528360.200000,1686400000.000000,14756000000.000000,0.052168,21.079997,2010-09-30,2010-10-12,59.397048,,12.742557,5.534187,4.937822
sz002470,2010-11-12,22.100000,22.180000,20.310000,20.380000,-0.086918,8423775.000000,179591851.210000,1630400000.000000,14266000000.000000,0.105297,20.380005,2010-09-30,2010-10-12,57.424682,,12.319422,5.350416,4.773854
sz002470,2010-11-11,22.600000,23.150000,22.180000,22.320000,-0.021911,8544087.000000,194413658.680000,1785600000.000000,15624000000.000000,0.106801,22.320016,2010-09-30,2010-10-12,62.891046,,13.492131,5.859733,5.228287
sz002470,2010-11-10,21.770000,23.700000,21.530000,22.820000,0.049195,12127170.000000,273561502.570000,1825600000.000000,15974000000.000000,0.151590,22.820026,2010-09-30,2010-10-12,64.299922,,13.794380,5.991002,5.345410
sz002470,2010-11-09,21.600000,21.950000,21.480000,21.750000,0.007878,7359181.000000,159694270.220000,1740000000.000000,15225000000.000000,0.091990,21.750033,2010-09-30,2010-10-12,61.285006,,13.147584,5.710093,5.094772
sz002470,2010-11-08,20.990000,21.580000,20.900000,21.580000,0.031549,6323006.000000,134723013.500000,1726400000.000000,15106000000.000000,0.079038,21.580026,2010-09-30,2010-10-12,60.805976,,13.044817,5.665461,5.054950
sz002470,2010-11-05,20.850000,20.940000,20.620000,20.920000,0.007707,4751199.000000,98745932.400000,1673600000.000000,14644000000.000000,0.059390,20.920020,2010-09-30,2010-10-12,58.946280,,12.645853,5.492188,4.900348
sz002470,2010-11-04,20.500000,20.930000,20.460000,20.760000,0.010219,3293479.000000,68279916.070000,1660800000.000000,14532000000.000000,0.041168,20.760022,2010-09-30,2010-10-12,58.495456,,12.549137,5.450183,4.862870
sz002470,2010-11-03,21.280000,21.290000,20.520000,20.550000,-0.035211,5114231.000000,106471945.350000,1644000000.000000,14385000000.000000,0.063928,20.550022,2010-09-30,2010-10-12,57.903737,,12.422195,5.395051,4.813679
sz002470,2010-11-02,21.400000,21.980000,21.190000,21.300000,-0.004673,7860519.000000,170255485.270000,1704000000.000000,14910000000.000000,0.098256,21.300017,2010-09-30,2010-10-12,60.016996,,12.875556,5.591949,4.989360
sz002470,2010-11-01,21.400000,21.470000,21.100000,21.400000,0.006112,7440503.000000,158634782.440000,1712000000.000000,14980000000.000000,0.093006,21.400019,2010-09-30,2010-10-12,60.298772,,12.936006,5.618203,5.012784
sz002470,2010-10-29,20.500000,21.480000,20.300000,21.270000,0.045723,8193508.000000,172178310.570000,1701600000.000000,14889000000.000000,0.102419,21.270017,2010-09-30,2010-10-12,59.932465,,12.857421,5.584073,4.982332
sz002470,2010-10-27,20.390000,20.790000,20.120000,20.340000,-0.001963,4713320.000000,96525217.440000,1627200000.000000,14238000000.000000,0.058916,20.340010,2010-09-30,2010-10-12,57.311989,,12.295246,5.339916,4.764486
sz002470,2010-10-26,20.700000,20.790000,20.170000,20.380000,-0.018304,5704303.000000,116298350.190000,1630400000.000000,14266000000.000000,0.071304,20.380016,2010-09-30,2010-10-12,57.424714,,12.319429,5.350419,4.773857
sz002470,2010-10-25,20.850000,20.970000,20.500000,20.760000,0.002899,6127224.000000,126915749.360000,1660800000.000000,14532000000.000000,0.076590,20.760007,2010-09-30,2010-10-12,58.495414,,12.549128,5.450179,4.862867
sz002470,2010-10-22,20.520000,20.990000,20.520000,20.700000,0.011730,5452772.000000,113208778.080000,1656000000.000000,14490000000.000000,0.068160,20.699998,2010-09-30,2010-10-12,58.326326,,12.512853,5.434425,4.848810
sz002470,2010-10-21,20.250000,20.640000,20.150000,20.460000,0.015385,4649626.000000,95030965.110000,1636800000.000000,14322000000.000000,0.058120,20.460002,2010-09-30,2010-10-12,57.650090,,12.367779,5.371418,4.792593
sz002470,2010-10-20,20.050000,20.600000,19.810000,20.150000,-0.023267,5688742.000000,115219063.570000,1612000000.000000,14105000000.000000,0.071109,20.149995,2010-09-30,2010-10-12,56.776582,,12.180384,5.290031,4.719976
sz002470,2010-10-19,20.150000,20.980000,20.080000,20.630000,0.008802,6738333.000000,138923779.140000,1650400000.000000,14441000000.000000,0.084229,20.629993,2010-09-30,2010-10-12,58.129071,,12.470536,5.416046,4.832412
sz002470,2010-10-18,19.660000,20.570000,18.790000,20.450000,0.051955,8172003.000000,160061093.270000,1636000000.000000,14315000000.000000,0.102150,20.449992,2010-09-30,2010-10-12,57.621884,,12.361728,5.368790,4.790248
sz002470,2010-10-15,19.910000,19.960000,19.310000,19.440000,-0.021148,5005452.000000,97766233.070000,1555200000.000000,13608000000.000000,0.062568,19.439987,2010-09-30,2010-10-12,54.775997,,11.751195,5.103631,4.553663
sz002470,2010-10-14,20.320000,20.550000,19.830000,19.860000,-0.019259,4866302.000000,98248449.180000,1588800000.000000,13902000000.000000,0.060829,19.859986,2010-09-30,2010-10-12,55.959427,,12.005078,5.213895,4.652044
sz002470,2010-10-13,20.950000,21.080000,20.130000,20.250000,-0.032027,6499320.000000,132187759.630000,1620000000.000000,14175000000.000000,0.081241,20.249981,2010-09-30,2010-10-12,57.058313,,12.240824,5.316281,4.743397
sz002470,2010-10-12,21.050000,21.050000,20.670000,20.920000,-0.015529,5460107.000000,113795050.640000,1673600000.000000,14644000000.000000,0.068251,20.919985,2010-09-30,2010-10-12,58.946182,,12.645832,5.492179,4.900340
sz002470,2010-10-11,19.950000,21.750000,19.940000,21.250000,0.066232,10087619.000000,212775639.260000,1700000000.000000,14875000000.000000,0.126095,21.249976,,,,,,,4.977638
sz002470,2010-10-08,20.130000,20.230000,19.710000,19.930000,0.012703,5686328.000000,113689239.860000,1594400000.000000,13951000000.000000,0.071079,19.929974,,,,,,,4.668438
sz002470,2010-09-30,19.100000,19.700000,18.820000,19.680000,0.030906,5927218.000000,114796520.460000,1574400000.000000,13776000000.000000,0.074090,19.679979,,,,,,,4.609879
sz002470,2010-09-29,19.280000,19.280000,18.390000,19.090000,-0.012927,7745947.000000,145459810.650000,1527200000.000000,13363000000.000000,0.096824,19.089984,,,,,,,4.471677
sz002470,2010-09-28,19.980000,19.980000,19.300000,19.340000,-0.032032,6332488.000000,123156212.430000,1547200000.000000,13538000000.000000,0.079156,19.339992,,,,,,,4.530240
sz002470,2010-09-27,19.710000,20.390000,19.710000,19.980000,0.013699,5225986.000000,104965586.850000,1598400000.000000,13986000000.000000,0.065325,19.979991,,,,,,,4.680154
sz002470,2010-09-21,20.600000,20.690000,19.510000,19.710000,-0.042274,7754931.000000,154367307.010000,1576800000.000000,13797000000.000000,0.096937,19.709984,,,,,,,4.616907
sz002470,2010-09-20,21.300000,21.680000,20.500000,20.580000,-0.044568,7463056.000000,155336007.240000,1646400000.000000,14406000000.000000,0.093288,20.579982,,,,,,,4.820697
sz002470,2010-09-17,22.580000,22.580000,21.470000,21.540000,-0.046481,7581458.000000,164575679.640000,1723200000.000000,15078000000.000000,0.094768,21.539976,,,,,,,5.045568
sz002470,2010-09-16,22.100000,23.040000,22.100000,22.590000,0.030096,10933820.000000,246525482.380000,1807200000.000000,15813000000.000000,0.136673,22.589981,,,,,,,5.291524
sz002470,2010-09-15,23.360000,23.450000,21.500000,21.930000,-0.070763,15765395.000000,355704356.760000,1754400000.000000,15351000000.000000,0.197067,21.929976,,,,,,,5.136923
sz002470,2010-09-14,23.850000,24.360000,23.300000,23.600000,-0.011725,12389120.000000,295004608.570000,1888000000.000000,16520000000.000000,0.154864,23.599982,,,,,,,5.528108
sz002470,2010-09-13,24.680000,24.960000,23.310000,23.880000,-0.073701,18914520.000000,452717105.490000,1910400000.000000,16716000000.000000,0.236431,23.879975,,,,,,,5.593694
sz002470,2010-09-10,25.880000,26.630000,25.510000,25.780000,0.017765,24192747.000000,629842339.500000,2062400000.000000,18046000000.000000,0.302409,25.779985,,,,,,,6.038757
sz002470,2010-09-09,26.490000,27.650000,25.100000,25.330000,-0.088849,37045753.000000,971510369.910000,2026400000.000000,17731000000.000000,0.463072,25.329998,,,,,,,5.933351
sz002470,2010-09-08,24.980000,29.900000,24.400000,27.800000,0.853333,68265456.000000,1826531863.050000,2224000000.000000,19460000000.000000,0.853318,27.800000,,,,,,,6.511929